-0.494994
-0.927224
-0.883530
-2.994569
-3.014492
-2.983960
-3.037546
-3.008374
-2.918432
-2.860896
-2.688626
-2.557060
-2.468546
-2.292593
-2.165987
-2.058376
-1.817939
-1.664112
-1.529647
-1.238785
-1.062648
-0.905049
-0.546576
-0.350675
-0.163253
0.220102
0.429164
0.626832
1.031863
1.251049
1.457855
1.880836
2.107456
2.322129
2.787642
3.020013
3.253455
3.714866
3.948576
4.178657
4.636539
4.869484
5.096674
5.549663
5.779950
6.003622
6.480191
6.706593
6.940306
7.391951
7.611301
7.831743
8.261734
8.472596
8.681302
9.122278
9.323840
9.536805
9.940406
10.130369
10.324221
10.696034
10.873494
11.050813
11.426214
11.590857
11.769202
12.099613
12.249971
12.300481
12.593877
12.729727
12.866664
13.160068
13.281379
13.417945
13.662557
13.768630
13.881015
14.085792
14.176601
14.269061
14.473742
14.549847
14.642188
14.797598
14.858977
14.927114
15.043476
15.090368
15.139268
15.258011
15.291256
15.341477
15.413028
15.433139
15.460343
15.496343
15.503697
15.514313
15.520484
15.514737
15.407572
15.426682
15.412527
15.414870
15.392832
15.368855
15.351095
15.299307
15.265715
15.233578
15.158162
15.115445
15.072287
15.014313
14.963674
14.929406
14.836399
14.779271
14.727978
14.611686
14.548199
14.485710
14.352243
14.282759
14.212078
14.064843
13.989805
13.808014
13.687723
13.608589
13.545542
13.397791
13.316070
13.239603
13.076010
12.991481
12.907392
12.733674
12.646438
12.558534
12.415812
12.327074
12.254492
12.089363
12.000864
11.917253
11.741444
11.652672
11.563907
11.382914
11.293750
11.202556
11.019012
10.929501
10.837169
10.652407
10.562646
10.471279
10.323677
10.235160
10.056588
9.893378
9.807898
9.726743
9.558204
9.474748
9.390946
9.221909
9.140093
9.056067
8.888602
8.808254
8.725034
8.560002
8.481037
8.399046
8.236774
8.159140
8.078536
7.919115
7.842769
7.765632
7.645336
7.572285
7.513754
7.381685
7.313103
7.248452
7.114627
7.049386
6.983742
6.852288
6.789814
6.725276
6.597758
6.537728
6.475091
6.351989
6.294193
6.233705
6.114515
6.060997
6.002410
5.889906
5.838296
5.783033
5.675846
5.626172
5.573539
5.470981
5.423204
5.372853
5.274523
5.228582
5.182993
5.122646
5.081402
5.053371
4.984344
4.948180
4.915439
4.846607
4.814286
4.781450
4.716321
4.687199
4.656082
4.594931
4.564792
4.531509
4.467055
4.435869
4.404944
4.343006
4.314372
4.284541
4.226160
4.199602
4.171369
4.116623
4.091746
3.959905
3.908962
3.885629
3.860814
3.812380
3.793419
3.769940
3.727368
3.709535
3.688841
3.650270
3.633437
3.614665
3.579059
3.563152
3.545817
3.512590
3.497561
3.481385
3.450194
3.436001
3.420819
3.391448
3.378052
3.363758
3.336056
3.323415
3.309932
3.283778
3.271844
3.259109
3.234390
3.223112
3.211068
3.187673
3.176995
3.165584
3.143399
3.133259
3.122422
3.101326
3.091662
3.081337
3.061204
3.051947
3.042069
3.022767
3.013847
3.004350
2.985742
2.977086
2.967899
2.949844
2.941378
2.932430
2.914781
2.906429
2.897648
2.880257
2.871941
2.866432
2.882231
2.874290
2.882241
2.882892
2.876427
2.877160
2.871536
2.866512
2.864191
2.856686
2.852814
2.849487
2.841989
2.838909
2.835461
2.828566
2.825934
2.822653
2.816343
2.813858
2.810744
2.804740
2.802151
2.799082
2.793020
2.790117
2.786930
2.780444
2.777055
2.773582
2.766335
2.762316
2.758404
2.750100
2.745329
2.740839
2.731221
2.725593
2.720404
2.709250
2.702671
2.696679
2.683897
2.674459
2.667621
2.651211
2.641032
2.632421
2.613461
2.602504
2.592626
2.571620
2.559835
2.654192
2.630891
2.618059
2.606004
2.580994
2.567252
2.554338
2.527602
2.512926
2.499151
2.470665
2.455044
2.440402
2.410152
2.393585
2.378075
2.346061
2.328555
2.312180
2.278415
2.259982
2.242753
2.207275
2.187666
2.169692
2.132417
2.112389
2.093573
2.055065
2.034668
2.015281
1.975875
1.955160
1.935367
1.895284
1.874305
1.854216
1.813626
1.792443
1.772144
1.731194
1.709872
1.689439
1.648268
1.626876
1.606379
1.565125
1.543731
1.523240
1.482039
1.460714
1.440295
1.399284
1.378095
1.357815
1.317126
1.296138
1.276063
1.235824
1.215101
1.195292
1.155627
1.135229
1.115747
1.076773
1.056756
1.037657
0.999487
0.979905
0.961244
0.923982
0.904887
0.886714
0.850462
0.831903
0.814267
0.779044
0.763269
0.746387
0.714732
0.700055
0.684953
0.656234
0.642709
0.629098
0.603055
0.590756
0.578519
0.555094
0.544098
0.533207
0.512439
0.502818
0.493293
0.475265
0.467085
0.458962
0.443771
0.437090
0.430414
0.418058
0.415921
0.410922
0.404743
0.404606
0.402654
0.401555
0.403439
0.404021
0.407473
0.411412
0.414274
0.422032
0.428054
0.433073
0.445027
0.453145
0.460261
0.476352
0.486562
0.495736
0.515783
0.531559
0.542931
0.570645
0.588767
0.603864
0.637650
0.658016
0.676074
0.715016
0.737528
0.758098
0.801617
0.826162
0.848950
0.896624
0.923070
0.947856
0.999321
1.027511
1.054104
1.109007
1.138764
1.166977
1.224762
1.259687
1.289438
1.353800
1.389992
1.422811
1.491481
1.528621
1.563411
1.634913
1.672691
1.712023
1.814953
1.853749
1.905126
1.995389
2.034848
2.080060
2.164220
2.204206
2.246347
2.327604
2.367743
2.408292
2.487870
2.527696
2.567209
2.645264
2.684295
2.722830
2.798977
2.836740
2.874107
2.947703
2.983752
3.019639
3.089943
3.123855
3.157903
3.224147
3.255525
3.287364
3.348790
3.377259
3.406521
3.462399
3.487601
3.513934
3.563565
3.585156
3.608220
3.650936
3.668585
3.688056
3.723251
3.734480
3.750096
3.775203
3.782464
3.793022
3.809048
3.812120
3.818075
3.825309
3.823932
3.825408
3.823753
3.817658
3.814602
3.803765
3.792683
3.784950
3.764544
3.748213
3.735613
3.705213
3.683374
3.662061
3.594560
3.565788
3.529638
3.462821
3.427244
3.390921
3.317645
3.274977
3.235255
3.151887
3.102069
3.057281
2.962025
2.905091
2.854403
2.746452
2.683526
2.626817
2.507193
2.438172
