-1.011166
-1.009547
-1.011193
-1.010903
-1.013086
-1.016395
-1.017823
-1.023351
-1.028055
-1.030931
-1.039283
-1.045106
-1.049343
-1.060000
-1.066697
-1.071860
-1.084280
-1.091570
-1.097476
-1.111131
-1.118762
-1.125241
-1.139680
-1.147462
-1.154138
-1.168889
-1.176596
-1.183402
-1.198122
-1.205621
-1.212251
-1.226560
-1.233677
-1.240030
-1.253641
-1.260262
-1.266281
-1.279045
-1.285137
-1.290626
-1.302322
-1.307790
-1.312786
-1.326209
-1.332453
-1.338361
-1.350628
-1.356002
-1.361097
-1.371714
-1.376234
-1.380510
-1.389492
-1.393189
-1.396664
-1.404067
-1.406989
-1.409759
-1.415774
-1.418040
-1.420091
-1.424739
-1.426360
-1.427762
-1.431167
-1.432212
-1.433084
-1.435482
-1.436080
-1.436486
-1.438018
-1.438240
-1.438248
-1.439047
-1.438956
-1.438573
-1.438651
-1.438244
-1.437582
-1.437147
-1.436529
-1.435635
-1.434779
-1.433992
-1.432851
-1.431545
-1.430563
-1.429267
-1.427673
-1.426579
-1.425094
-1.423155
-1.421911
-1.420261
-1.418011
-1.416629
-1.414888
-1.412450
-1.410994
-1.409163
-1.406554
-1.405029
-1.403114
-1.400343
-1.398753
-1.396759
-1.393830
-1.392176
-1.390044
-1.386867
-1.385099
-1.382844
-1.379421
-1.377540
-1.375226
-1.371648
-1.369707
-1.367319
-1.363592
-1.361594
-1.011166
-1.009547
-1.011193
-1.010903
-1.013086
-1.016395
-1.017823
-1.023351
-1.028055
-1.030931
-1.039283
-1.045106
-1.049343
-1.060000
-1.066697
-1.071860
-1.084280
-1.091570
-1.097476
-1.111131
-1.118762
-1.125241
-1.139680
-1.147462
-1.154138
-1.168889
-1.176596
-1.183402
-1.198122
-1.205621
-1.212251
-1.226560
-1.233677
-1.240030
-1.253641
-1.260262
-1.266281
-1.279045
-1.285137
-1.290626
-1.302322
-1.307790
-1.312786
-1.326209
-1.332453
-1.338361
-1.350628
-1.356002
-1.361097
-1.371714
-1.376234
-1.380510
-1.389492
-1.393189
-1.396664
-1.404067
-1.406989
-1.409759
-1.415774
-1.418040
-1.420091
-1.424739
-1.426360
-1.427762
-1.431167
-1.432212
-1.433084
-1.435482
-1.436080
-1.436486
-1.438018
-1.438240
-1.438248
-1.439047
-1.438956
-1.438573
-1.438651
-1.438244
-1.437582
-1.437147
-1.436529
-1.435635
-1.434779
-1.433992
-1.432851
-1.431545
-1.430563
-1.429267
-1.427673
-1.426579
-1.425094
-1.423155
-1.421911
-1.420261
-1.418011
-1.416629
-1.414888
-1.412450
-1.410994
-1.409163
-1.406554
-1.405029
-1.403114
-1.400343
-1.398753
-1.396759
-1.393830
-1.392176
-1.390044
-1.386867
-1.385099
-1.382844
-1.379421
-1.377540
-1.375226
-1.371648
-1.369707
-1.367319
-1.363592
-1.361594
