0.000000
0.043194
0.064661
0.086184
0.129079
0.150292
0.171597
0.214035
0.235013
0.256099
0.298100
0.318871
0.339741
0.381285
0.401832
0.422481
0.463616
0.483977
0.504437
0.545207
0.565413
0.585707
0.626170
0.646252
0.666410
0.706622
0.726617
0.746667
0.786693
0.806636
0.826613
0.866521
0.886451
0.906388
0.946257
0.966203
0.986138
1.026014
1.046019
1.065975
1.105928
1.126031
1.146041
1.186138
1.206378
1.226476
1.266800
1.287185
1.307410
1.347963
1.368552
1.388903
1.429748
1.450576
1.471082
1.512296
1.533354
1.554048
1.595586
1.616948
1.637804
1.679711
1.701412
1.722452
1.764789
1.786805
1.808051
1.850705
1.873140
1.894530
1.937449
1.960325
1.981827
2.025087
2.048426
2.070069
2.113441
2.137440
2.159100
2.202497
2.227340
2.248965
2.292241
2.318129
2.339625
2.382158
2.409763
2.430809
2.471766
2.502266
2.522456
2.559636
2.595715
2.614001
2.639159
2.688251
2.700416
2.660559
2.700771
2.613804
2.299140
3.236461
2.496616
2.567119
2.538906
2.594787
2.648004
2.659157
2.689385
2.739405
2.757397
2.783776
2.832720
2.853048
2.878236
2.926872
2.947918
2.972694
3.020688
3.042323
3.066631
3.114273
3.136250
3.160301
3.207739
3.229932
3.253835
3.301149
3.323494
3.347308
3.394683
3.416555
3.440400
3.487107
3.509105
3.532588
3.578957
3.601053
3.624356
3.670573
3.692767
3.715995
3.762486
3.784037
3.807437
3.853118
3.874850
3.897826
3.943191
3.965094
3.987913
4.033247
4.055343
4.078160
4.123654
4.145982
4.168899
4.214703
4.237311
4.260408
4.307131
4.328854
4.352496
4.398307
4.420472
4.443635
4.489417
4.512064
4.535221
4.581437
4.604600
4.627999
4.674950
4.698689
4.722489
4.770402
4.794791
4.819109
4.868181
4.893298
4.918236
4.968648
4.994578
5.020229
5.072987
5.097611
5.124596
5.176550
5.202368
5.228890
5.281458
5.308394
5.335222
5.389155
5.417228
5.444764
5.500510
5.529778
5.558257
5.616122
5.646664
5.676244
5.691425
5.695505
5.702139
5.713405
5.715487
5.720193
5.727458
5.727645
5.730385
5.733721
5.732110
5.732925
5.732480
5.729167
5.728133
5.725118
5.717383
5.715244
5.705767
5.697017
5.691658
5.677847
5.667986
5.660492
5.643361
5.632412
5.623299
5.603266
5.590808
5.579862
5.556616
5.543505
5.531705
5.506866
5.493471
5.480879
5.454916
5.441223
5.428074
5.401228
5.387244
5.373663
5.346120
5.331879
5.317972
5.246520
5.205418
5.167781
5.089075
5.044087
5.002825
4.916591
4.867812
4.822823
4.729064
4.676616
4.627918
4.526778
4.470792
4.418466
4.310160
4.250768
4.194925
4.079696
4.017033
3.957793
3.835896
3.770090
3.707580
3.579268
3.510443
3.444788
3.310311
3.238586
3.169906
3.029504
2.954991
2.883404
2.737303
2.660109
2.585726
2.434145
2.354371
2.277296
2.120439
2.038178
1.958511
1.796568
1.711908
1.629740
1.462890
1.375910
1.291326
1.119733
1.030506
0.943585
0.767398
0.675988
0.586800
0.406153
0.312618
0.221226
0.035649
-0.058535
-0.152359
-0.340371
-0.436414
-0.531359
-0.722229
-0.820102
-0.916440
-1.110508
-1.210200
-1.308128
-1.505628
-1.607135
-1.706781
-1.907857
-2.011178
-2.112621
-2.317356
-2.422495
-2.525779
-2.734222
-2.841190
-2.946343
-3.158529
-3.267342
-3.374385
-3.590347
-3.701033
-3.809987
-4.029768
-4.142360
-4.253251
-4.476907
-4.591450
-4.704309
-4.931914
-5.048460
-5.163328
-5.394970
-5.513581
-5.630508
-5.823955
-5.917427
-6.013551
-6.203497
-6.295790
-6.390217
-6.577247
-6.668440
-6.761456
-6.945951
-7.036126
-7.127921
-7.310439
-7.399853
-7.490712
-7.671243
-7.759832
-7.849751
-8.028508
-8.116381
-8.205471
-8.382674
-8.469951
-8.558328
-8.734207
-8.821017
-8.908799
-9.083600
-9.170078
-9.257392
-9.431371
-9.517659
-9.604635
-9.736273
-9.795853
-9.859943
-9.983839
-10.040056
-10.100359
-10.217057
-10.270068
-10.326856
-10.436793
-10.486766
-10.540260
-10.643832
-10.690944
-10.741344
-10.838932
-10.883371
-10.930874
-11.022859
-11.064820
-11.109621
-11.196393
-11.236080
-11.278374
-11.360331
-11.397949
-11.437938
-11.515481
-11.551239
-11.589123
-11.662659
-11.696765
-11.732747
-11.802680
-11.835341
-11.869621
-11.936352
-11.967769
-12.000546
-12.064467
-12.094839
-12.126303
-12.187796
-12.217310
-12.247649
-12.307077
-12.335913
-12.365301
-12.423010
-12.451336
-12.479938
-12.536246
-12.564215
-12.592183
-12.606752
-12.609960
-12.615365
-12.623210
-12.622867
-12.624977
-12.625945
-12.622249
-12.621009
-12.615224
-12.608388
-12.603867
-12.591597
-12.581832
-12.574163
-12.555742
-12.543251
-12.532597
-12.508381
-12.493354
-12.479885
-12.450226
-12.432837
-12.416722
-12.341811
-12.298825
-12.258482
-12.173813
-12.125421
-12.080282
-11.985452
-11.931928
-11.881833
-11.776940
-11.718579
-11.663593
-11.548985
-11.486082
-11.426380
-11.302522
-11.235361
-11.171173
-11.038571
-10.967421
-10.898994
-10.718225
-10.620539
-10.526603
-10.333653
-10.229304
-10.129416
-9.923990
-9.813379
-9.707446
-9.489842
-9.373388
-9.261577
-9.032369
-8.910482
-8.793081
-8.552959
-8.426029
-8.303375
-8.053056
-7.921451
-7.793893
-7.534083
-7.398150
-7.266028
-6.957422
-6.794502
-6.636776
-6.315472
-6.145988
-5.982070
-5.648132
-5.472524
-5.302492
-4.956437
-4.775133
-4.599253
-4.242224
-4.054350
-3.873191
-3.504421
-3.312502
-3.125968
-2.747949
-2.552258
-2.361326
-1.975132
-1.775798
-1.580877
-1.186959
-0.984053
-0.785306
-0.383853
-0.177420
0.025089
0.433991
0.643924
0.850172
1.266484
1.479911
1.689896
2.113618
2.330555
2.544295
2.975470
3.195966
3.413501
3.852227
4.076364
4.297764
4.744201
4.972101
5.197472
5.651854
5.883679
6.113162
6.575798
6.811754
7.045530
7.477507
7.693159
7.910654
8.345656
8.563829
8.782988
9.222229
9.443155
9.664593
10.108960
10.332880
10.557049
11.007246
11.234414
11.461677
11.918315
12.149001
12.379676
12.843323
13.077815
13.312195
13.783406
14.022006
14.260375
14.696092
14.927029
15.146496
15.598786
15.831046
16.058669
16.520950
16.754540
16.987205
17.456014
17.691143
17.927201
18.400871
18.637823
18.876472
19.315673
19.531389
19.751446
20.189283
20.404653
