-15.470985
-15.681262
-15.754042
-15.848492
-16.017220
-16.070058
-16.144525
-16.270410
-16.303032
-16.356601
-16.441337
-16.454808
-16.488004
-16.536034
-16.532635
-16.548441
-16.559330
-16.539129
-16.537037
-16.513190
-16.477527
-16.458388
-16.404857
-16.356233
-16.323308
-16.240167
-16.178825
-16.131454
-16.023959
-15.952452
-15.893978
-15.762380
-15.680990
-15.611207
-15.458405
-15.368594
-15.288564
-15.119903
-15.024200
-14.937290
-14.753051
-14.651688
-14.557310
-14.356629
-14.247448
-14.145077
-13.931882
-13.819038
-13.711650
-13.489879
-13.375012
-13.264050
-13.036682
-12.921173
-12.808080
-12.577944
-12.463081
-12.348844
-12.121008
-12.009055
-11.896862
-11.671202
-11.562074
-11.451477
-11.230256
-11.124929
-11.016630
-10.804284
-10.704685
-10.601172
-10.399348
-10.306128
-10.208165
-10.018277
-9.931971
-9.840583
-9.661432
-9.581402
-9.495232
-9.330344
-9.258064
-9.179151
-9.029276
-8.964960
-8.894001
-8.757303
-8.700007
-8.635336
-8.514699
-8.465597
-8.409309
-8.302524
-8.260501
-8.211127
-8.118337
-8.083340
-8.040539
-7.964104
-7.937072
-7.902317
-7.841894
-7.822541
-7.795627
-7.750734
-7.738719
-7.719378
-7.689402
-7.684327
-7.672599
-7.654463
-7.654841
-7.648845
-7.641894
-7.647341
-7.646362
-7.652234
-7.663393
-7.668564
-7.686298
-7.702642
-15.470985
-15.681262
-15.754042
-15.848492
-16.017220
-16.070058
-16.144525
-16.270410
-16.303032
-16.356601
-16.441337
-16.454808
-16.488004
-16.536034
-16.532635
-16.548441
-16.559330
-16.539129
-16.537037
-16.513190
-16.477527
-16.458388
-16.404857
-16.356233
-16.323308
-16.240167
-16.178825
-16.131454
-16.023959
-15.952452
-15.893978
-15.762380
-15.680990
-15.611207
-15.458405
-15.368594
-15.288564
-15.119903
-15.024200
-14.937290
-14.753051
-14.651688
-14.557310
-14.356629
-14.247448
-14.145077
-13.931882
-13.819038
-13.711650
-13.489879
-13.375012
-13.264050
-13.036682
-12.921173
-12.808080
-12.577944
-12.463081
-12.348844
-12.121008
-12.009055
-11.896862
-11.671202
-11.562074
-11.451477
-11.230256
-11.124929
-11.016630
-10.804284
-10.704685
-10.601172
-10.399348
-10.306128
-10.208165
-10.018277
-9.931971
-9.840583
-9.661432
-9.581402
-9.495232
-9.330344
-9.258064
-9.179151
-9.029276
-8.964960
-8.894001
-8.757303
-8.700007
-8.635336
-8.514699
-8.465597
-8.409309
-8.302524
-8.260501
-8.211127
-8.118337
-8.083340
-8.040539
-7.964104
-7.937072
-7.902317
-7.841894
-7.822541
-7.795627
-7.750734
-7.738719
-7.719378
-7.689402
-7.684327
-7.672599
-7.654463
-7.654841
-7.648845
-7.641894
-7.647341
-7.646362
-7.652234
-7.663393
-7.668564
-7.686298
-7.702642
