43.761872
30.666803
30.104150
23.832485
16.950049
16.449728
13.326444
9.525032
9.008592
7.214670
4.842843
4.430881
3.244242
1.486357
1.300843
0.452342
-0.605936
-0.778732
-1.284894
-1.971931
-2.124633
-2.248065
-3.035723
-3.134687
-3.508852
-3.985607
-4.069686
-4.291552
-4.594039
-4.660624
-4.797038
-4.992796
-5.041248
-4.925915
-5.348633
-5.351525
-5.547235
-5.743647
-5.737003
-5.821924
-5.893127
-5.874912
-5.898553
-5.894541
-5.864190
-5.651662
-5.893410
-5.824954
-5.933241
-5.970457
-5.898008
-5.906272
-5.835330
-5.756668
-5.511486
-5.677029
-5.565439
-5.638340
-5.598962
-5.488169
-5.460803
-5.317858
-5.205118
-4.924269
-5.029414
-4.886957
-4.932765
-4.837834
-4.700468
-4.648185
-4.458728
-4.323167
-4.018530
-4.090770
-3.927369
-3.959869
-3.833470
-3.679286
-3.614052
-3.394972
-3.245979
-2.925188
-2.984702
-2.808466
-2.837678
-2.697898
-2.534736
-2.465426
-2.235859
-2.080755
-1.752590
-1.818308
-1.634905
-1.670414
-1.533823
-1.364265
-1.301104
-1.093555
-0.899003
-0.753397
-0.562703
-0.674536
-0.099429
-0.177276
0.002284
-0.041929
0.082013
0.241276
0.298394
0.508228
0.654453
0.754799
0.996963
1.133847
1.478395
1.355871
1.529667
1.461022
1.553248
1.702942
1.742834
1.924900
2.059578
2.145081
2.360127
2.484296
2.586720
2.809195
2.925171
3.267542
3.085196
3.246681
3.146110
3.193414
3.326962
3.343431
3.485594
3.602529
3.667633
3.844387
3.950196
4.275044
4.041232
4.197273
4.069332
4.083588
4.207808
4.207064
4.322823
4.428773
4.480431
4.633054
4.727185
4.798196
4.959577
5.045078
5.121034
5.279285
5.357844
5.681865
5.385993
5.526422
5.366179
5.330656
5.436343
5.410515
5.483217
5.569729
5.600131
5.712641
5.787447
5.838853
5.961874
6.028542
6.085829
6.207129
6.267472
6.324293
6.439039
6.494070
6.547892
6.654428
6.704785
7.011306
6.633259
6.757767
6.554935
6.463619
6.549025
6.495158
6.520044
6.585483
6.592298
6.660603
6.714627
6.744387
6.825360
6.871889
6.908614
6.989518
7.030438
7.067478
7.208714
7.234973
7.304922
7.401676
7.428844
7.475985
7.550101
7.576062
7.611709
7.672816
7.696804
7.725934
7.778422
7.800234
8.087997
7.629212
7.738058
7.494055
7.347349
7.413007
7.332188
7.311937
7.357044
7.342606
7.370898
7.405279
7.416545
7.457350
7.482478
7.505368
7.566825
7.639198
7.662967
7.755671
7.810728
7.850100
7.943076
7.983743
8.024069
8.104513
8.133775
8.168891
8.230668
8.251086
8.277965
8.411791
8.413206
8.475793
8.543595
8.541534
8.573489
8.605493
8.602204
8.617520
8.630692
8.627303
8.633844
8.637589
8.634631
8.636762
8.636208
8.633907
8.634013
8.631898
8.630331
8.629686
8.627430
8.626603
8.625872
8.624179
8.624075
8.623587
8.622785
8.623378
8.623286
8.623507
8.624776
8.625142
8.626422
8.628351
8.629190
8.631526
8.634101
8.635409
8.638776
8.641992
8.643756
8.648124
8.651978
8.654178
8.659519
8.664009
8.666629
8.672912
8.678040
8.681060
8.688256
8.694022
8.697421
8.705500
8.711906
8.983265
8.481712
8.555933
8.317784
8.133092
8.204717
8.114267
8.083911
8.146437
8.128409
8.166319
8.218336
8.232733
8.295088
8.337445
8.363799
8.429635
8.463992
8.492425
8.552784
8.580916
8.607130
8.659091
8.682587
8.705104
8.748566
8.768730
8.787400
8.823403
8.841248
8.856472
8.886368
8.902650
8.914985
8.940053
8.955314
8.965297
8.986590
9.001208
9.009279
9.027595
9.041816
9.048302
9.014685
9.039357
9.022264
9.025120
9.047480
9.047272
9.065734
9.085245
9.092264
9.115544
9.132304
9.141526
9.166605
9.181036
9.191019
9.212249
9.224593
9.232689
9.249709
9.260373
9.266372
9.279323
9.288625
9.292555
9.301747
9.309917
9.311889
9.317637
9.324832
9.324960
9.327518
9.333827
9.332201
9.323764
9.334578
9.329312
9.332092
9.340281
9.340128
9.345717
9.351344
9.352400
9.356694
9.360036
9.360379
9.361581
9.362966
9.361737
9.359232
9.358962
9.355850
9.349582
9.347903
9.342858
9.333001
9.330095
9.323178
9.309959
9.305952
9.297250
9.280877
9.275843
9.265436
9.246059
9.240030
9.227973
9.205677
9.198649
9.184970
9.159777
9.151718
9.136413
9.108287
9.099141
9.082181
9.051038
9.040728
9.022061
8.987770
8.976201
8.955754
8.918148
8.905209
8.882892
8.841767
8.827333
8.803038
8.822789
8.801339
8.807614
8.791384
8.767742
8.757186
8.720888
8.696166
8.676093
8.628559
8.603191
8.577671
8.523643
8.497718
8.468946
8.410850
8.384295
8.353397
8.292370
8.265046
8.232558
8.169045
8.140792
8.106926
8.132082
8.092721
8.102667
8.075103
8.035130
8.020494
7.966236
7.927025
7.899840
7.832972
7.794961
7.761765
7.689648
7.652837
7.617064
7.543351
7.507570
7.470937
7.397295
7.362329
7.325632
7.359820
7.311927
7.327994
7.300290
7.254468
7.241645
7.185167
7.142791
7.116447
7.048792
7.010205
6.978531
6.908702
6.873795
6.840999
6.773343
6.741852
6.709980
6.646401
6.618042
6.588000
6.529175
6.503701
6.475818
6.535159
6.496222
6.525317
6.518827
6.485062
6.483261
6.448435
6.421132
6.405849
6.362331
6.341725
6.581146
6.051941
6.098926
5.849232
5.625079
5.676541
5.568540
5.498514
5.547416
5.511305
5.514643
5.558959
5.557276
5.592248
5.632257
5.645553
5.691716
5.728601
5.747270
5.795473
5.830637
5.850304
5.897152
5.931904
5.950871
5.995718
6.031156
6.049009
6.092372
6.129356
6.146228
6.188977
6.228146
6.244342
6.287316
6.329117
6.344930
6.388770
6.433492
6.449125
6.494221
6.542017
6.557552
6.541976
6.606030
6.594105
6.629509
6.693413
6.704492
6.763108
6.825734
6.846969
6.913976
6.975127
6.999590
7.067324
7.127186
7.151226
7.215858
7.274713
7.296430
7.356080
7.414167
7.432551
7.486239
7.543684
7.299277
7.811038
7.820370
8.051233
8.287947
8.290843
8.393654
8.486246
8.491323
8.525955
8.546129
8.556401
8.555669
8.541093
8.556735
8.537879
8.538292
8.561461
8.551385
8.541625
8.563946
