50.000000
49.989921
49.984935
49.979936
49.970021
49.965092
49.960172
49.950401
49.945521
49.940669
49.931023
49.926184
49.921390
49.911847
49.907040
49.902294
49.892835
49.888053
49.883345
49.873949
49.869185
49.864506
49.855155
49.850402
49.845741
49.836418
49.831670
49.827019
49.817706
49.812958
49.808308
49.798991
49.794237
49.789581
49.780247
49.775481
49.770813
49.761447
49.756665
49.751978
49.742571
49.737769
49.733058
49.723598
49.718726
49.713971
49.704388
49.699455
49.694637
49.684926
49.679936
49.675054
49.665216
49.660171
49.655224
49.645261
49.640162
49.635154
49.625069
49.619918
49.614849
49.604649
49.599449
49.594324
49.584013
49.578768
49.573589
49.563176
49.557888
49.552659
49.542152
49.536825
49.531550
49.520957
49.515595
49.510280
49.499611
49.494218
49.488867
49.478131
49.472712
49.467330
49.456537
49.451096
49.445688
49.434848
49.429390
49.423961
49.413084
49.407613
49.402168
49.391264
49.385786
49.380331
49.369409
49.363929
49.358466
49.347536
49.342057
49.336593
49.325664
49.320191
49.314729
49.303809
49.298346
49.292891
49.281988
49.276538
49.271094
49.260216
49.254784
49.249355
49.238509
49.233099
49.227687
49.216880
49.211493
49.206102
49.195339
49.189979
50.000000
49.989921
49.984935
49.979936
49.970021
49.965092
49.960172
49.950401
49.945521
49.940669
49.931023
49.926184
49.921390
49.911847
49.907040
49.902294
49.892835
49.888053
49.883345
49.873949
49.869185
49.864506
49.855155
49.850402
49.845741
49.836418
49.831670
49.827019
49.817706
49.812958
49.808308
49.798991
49.794237
49.789581
49.780247
49.775481
49.770813
49.761447
49.756665
49.751978
49.742571
49.737769
49.733058
49.723598
49.718726
49.713971
49.704388
49.699455
49.694637
49.684926
49.679936
49.675054
49.665216
49.660171
49.655224
49.645261
49.640162
49.635154
49.625069
49.619918
49.614849
49.604649
49.599449
49.594324
49.584013
49.578768
49.573589
49.563176
49.557888
49.552659
49.542152
49.536825
49.531550
49.520957
49.515595
49.510280
49.499611
49.494218
49.488867
49.478131
49.472712
49.467330
49.456537
49.451096
49.445688
49.434848
49.429390
49.423961
49.413084
49.407613
49.402168
49.391264
49.385786
49.380331
49.369409
49.363929
49.358466
49.347536
49.342057
49.336593
49.325664
49.320191
49.314729
49.303809
49.298346
49.292891
49.281988
49.276538
49.271094
49.260216
49.254784
49.249355
49.238509
49.233099
49.227687
49.216880
49.211493
49.206102
49.195339
49.189979
