50.000000
49.992671
49.989058
49.985434
49.978266
49.974709
49.971162
49.964136
49.960627
49.957146
49.950240
49.946769
49.943345
49.936538
49.933097
49.929719
49.922991
49.919573
49.916230
49.909562
49.906160
49.902843
49.896216
49.892823
49.889523
49.882919
49.879528
49.876235
49.869638
49.866244
49.862951
49.856344
49.852941
49.849639
49.843008
49.839591
49.836274
49.829607
49.826171
49.822832
49.816117
49.812658
49.809293
49.802521
49.798987
49.795574
49.788672
49.785074
49.781595
49.774558
49.770900
49.767353
49.760181
49.756465
49.752850
49.745546
49.741773
49.738092
49.730660
49.726831
49.723087
49.715532
49.711651
49.707846
49.700174
49.696243
49.692381
49.684599
49.680621
49.676706
49.668821
49.664801
49.660837
49.652860
49.648801
49.644793
49.636732
49.632639
49.628591
49.620456
49.616334
49.612251
49.604053
49.599905
49.595793
49.587540
49.583372
49.579235
49.570939
49.566756
49.562600
49.554271
49.550076
49.545907
49.537554
49.533354
49.529175
49.520808
49.516607
49.512423
49.504051
49.499853
49.495669
49.487301
49.483111
49.478931
49.470576
49.466398
49.462227
49.453892
49.449728
49.445569
49.437262
49.433117
49.428974
49.420702
49.416579
49.412455
49.404224
49.400127
