150.000000
150.000000
149.999149
149.998892
149.997798
149.996462
149.995680
149.993577
149.991801
149.990537
149.987513
149.985343
149.983642
149.979787
149.977271
149.975179
149.970586
149.967771
149.965334
149.960097
149.957030
149.954294
149.948506
149.945234
149.942245
149.935998
149.932565
149.929369
149.922754
149.919203
149.915843
149.908947
149.905320
149.901840
149.894746
149.891082
149.887522
149.880311
149.876646
149.873046
149.865793
149.862161
149.858557
149.851332
149.847765
149.844191
149.837060
149.833590
149.830077
149.823103
149.819754
149.816332
149.809569
149.806366
149.803060
149.796558
149.793519
149.790353
149.784154
149.781296
149.778288
149.772428
149.769762
149.766930
149.761437
149.758975
149.756330
149.751227
149.748974
149.746527
149.741829
149.739790
149.737547
149.733266
149.731439
149.729405
149.725544
149.723930
149.722105
149.718664
149.717257
149.715639
149.712612
149.711406
149.709992
149.707369
149.706355
149.705138
149.702904
149.702073
149.701046
149.699183
149.698523
149.697674
149.696162
149.695659
149.694979
149.693792
149.693432
149.692908
149.692020
149.691789
149.691407
149.690788
149.690671
149.690416
149.690038
149.690018
149.689875
149.689706
149.689767
149.689720
149.689729
149.689854
149.689888
149.690042
149.690216
149.690314
149.690581
149.690788
150.000000
150.000000
149.999149
149.998892
149.997798
149.996462
149.995680
149.993577
149.991801
149.990537
149.987513
149.985343
149.983642
149.979787
149.977271
149.975179
149.970586
149.967771
149.965334
149.960097
149.957030
149.954294
149.948506
149.945234
149.942245
149.935998
149.932565
149.929369
149.922754
149.919203
149.915843
149.908947
149.905320
149.901840
149.894746
149.891082
149.887522
149.880311
149.876646
149.873046
149.865793
149.862161
149.858557
149.851332
149.847765
149.844191
149.837060
149.833590
149.830077
149.823103
149.819754
149.816332
149.809569
149.806366
149.803060
149.796558
149.793519
149.790353
149.784154
149.781296
149.778288
149.772428
149.769762
149.766930
149.761437
149.758975
149.756330
149.751227
149.748974
149.746527
149.741829
149.739790
149.737547
149.733266
149.731439
149.729405
149.725544
149.723930
149.722105
149.718664
149.717257
149.715639
149.712612
149.711406
149.709992
149.707369
149.706355
149.705138
149.702904
149.702073
149.701046
149.699183
149.698523
149.697674
149.696162
149.695659
149.694979
149.693792
149.693432
149.692908
149.692020
149.691789
149.691407
149.690788
149.690671
149.690416
149.690038
149.690018
149.689875
149.689706
149.689767
149.689720
149.689729
149.689854
149.689888
149.690042
149.690216
149.690314
149.690581
149.690788
