20.000000
20.000000
20.008034
20.007771
20.014788
20.021004
20.023601
20.031885
20.035372
20.038081
20.043870
20.043763
20.044762
20.045335
20.040850
20.038831
20.032069
20.022506
20.016504
20.000724
19.985533
19.974750
19.948592
19.927322
19.911114
19.873492
19.845729
19.823613
19.773615
19.739065
19.710616
19.647520
19.605948
19.570833
19.494070
19.445323
19.403284
19.312452
19.256398
19.207284
19.102089
19.038701
18.982388
18.862678
18.791973
18.728408
18.594143
18.516204
18.445387
18.296661
18.211582
18.133601
17.970587
17.878549
17.793509
17.616489
17.517726
17.425782
17.235152
17.129897
17.031282
16.827501
16.716059
16.611013
16.394624
16.277335
16.166140
15.937768
15.814968
15.697962
15.458275
15.330362
15.207890
14.957630
14.825008
14.697440
14.437385
14.300449
14.168192
13.899137
13.758316
13.621768
13.344539
13.200268
13.059841
12.775286
12.627983
12.484109
12.193076
12.043174
11.896274
11.599614
11.447540
11.298032
10.996591
10.842759
10.691061
10.385671
10.230559
10.077041
9.768470
9.612693
9.457913
9.147263
8.990535
8.834835
8.522524
8.365529
8.209160
7.895912
7.738979
7.582307
7.268814
7.112255
6.955620
6.642532
6.486639
6.330357
6.018279
5.863332
5.707692
5.397194
5.243443
5.088720
4.780329
4.628002
4.474449
4.168648
4.017959
3.865811
3.563046
3.414190
3.263668
2.964350
2.817508
2.668790
2.373283
2.228593
2.081853
1.790471
1.648056
1.503445
1.216463
1.076416
0.934065
0.651698
0.514120
0.374112
0.096550
-0.038510
-0.176086
-0.448702
-0.581203
-0.716282
-0.983846
-1.113756
-1.246288
-1.508717
-1.636008
-1.765955
-2.023182
-2.147859
-2.275190
-2.527202
-2.649237
-2.773972
-3.020750
-3.140191
-3.262326
-3.503911
-3.620801
-3.740356
-3.976813
-4.091196
-4.208205
-4.439609
-4.551527
-4.666028
-4.892459
-5.001956
-5.113989
-5.335531
-5.442647
-5.552254
-5.768990
-5.873799
-5.981020
-6.193079
-6.295623
-6.400558
-6.608068
-6.708457
-6.811167
-7.014297
-7.112633
-7.213199
-7.412132
-7.508510
-7.607022
-7.801941
-7.896450
-7.992997
-8.184081
-8.276805
-8.371475
-8.558892
-8.649904
-8.742772
-8.926674
-9.016037
-9.107177
-9.287700
-9.375472
-9.464950
-9.642220
-9.728457
-9.816336
-9.990470
-10.075258
-10.161592
-10.332752
-10.416144
-10.501055
-10.669396
-10.751521
-10.835079
-11.000799
-11.081768
-11.164068
-11.327372
-11.407286
-11.488427
-11.649513
-11.728461
-11.808534
-11.967582
-12.045639
-12.124728
-12.281895
-12.359120
-12.437295
-12.592711
-12.669149
-12.746469
-12.900240
-12.975919
-13.052430
-13.204630
-13.279579
-13.355317
-13.506008
-13.580237
-13.655222
-13.804437
-13.877948
-13.952195
-14.099955
-14.172746
-14.246266
-14.392577
-14.464650
-14.537447
-14.682316
-14.753670
-14.825747
-14.969178
-15.039816
-15.111174
-15.253170
-15.323093
-15.393734
-15.534299
-15.603507
-15.673434
-15.812570
-15.881067
-15.950281
-16.087992
-16.155779
-16.224281
-16.360572
-16.427651
-16.495444
-16.630317
-16.696691
-16.763775
-16.897234
-16.962904
-17.029283
-17.161332
-17.226300
-17.291974
-17.422616
-17.486883
-17.551855
-17.681093
-17.744661
-17.808932
-17.936770
-17.999640
-18.063211
-18.189652
-18.251825
-18.314697
-18.439743
-18.501258
-18.563431
-18.687138
-18.747997
-18.809541
-18.931966
-18.992250
-19.053187
-19.174427
-19.234198
-19.294569
-19.414728
-19.474034
-19.533884
-19.653054
-19.711930
-19.771302
-19.889561
-19.948033
-20.006961
-20.124369
-20.182458
-20.240970
-20.357576
-20.415297
-20.473414
-20.589256
-20.646619
-20.704359
-20.819466
-20.876483
-20.933859
-21.048255
-21.104932
-21.161956
-21.275660
-21.332005
-21.388686
-21.501715
-21.557737
-21.614083
-21.726453
-21.782157
-21.838177
-21.949906
-22.005306
-22.061014
-22.172127
-22.227239
-22.282645
-22.393169
-22.448007
-22.503124
-22.613083
-22.667663
-22.722504
-22.831928
-22.886257
-22.940835
-23.049745
-23.103832
-23.158156
-23.266570
-23.320423
-23.374502
-23.482437
-23.536064
-23.589907
-23.697380
-23.750788
-23.804404
-23.911431
-23.964629
-24.018026
-24.124625
-24.177623
-24.230810
-24.336999
-24.389807
-24.442795
-24.548596
-24.601225
-24.654024
-24.759455
-24.811916
-24.864534
-24.969616
-25.021915
-25.074363
-25.179113
-25.231259
-25.283545
-25.387979
-25.439980
-25.492112
-25.596248
-25.648112
-25.700099
-25.803952
-25.855688
-25.907538
-26.011127
-26.062744
-26.114467
-26.217810
-26.269318
-26.320923
-26.424040
-26.475451
-26.526949
-26.629861
-26.681187
-26.732588
-26.835320
-26.886573
-26.937891
-27.040467
-27.091662
-27.142909
-27.245356
-27.296508
-27.347699
-27.450047
-27.501172
-27.552322
-27.654602
-27.705717
-27.756842
-27.859087
-27.910211
-27.961328
-28.063571
-28.114714
-28.165833
-28.268098
-28.319267
-28.370401
-28.472706
-28.523907
-28.575067
-28.677431
-28.728675
-28.779869
-28.882311
-28.933608
-28.984848
-29.087390
-29.138753
-29.190050
-29.292715
-29.344157
-29.395524
-29.498337
-29.549874
-29.601323
-29.704310
-29.755946
-29.807482
-29.910654
-29.962389
-30.014019
-30.117384
-30.169219
-30.220948
-30.324513
-30.376453
-30.428285
-30.532059
-30.584109
-30.636050
-30.740044
-30.792213
-30.844269
-30.948498
-31.000795
-31.052974
-31.157448
-31.209874
-31.262173
-31.366896
-31.419442
-31.471863
-31.576830
-31.629494
-31.682037
-31.787244
-31.840025
-31.892689
-31.998134
-32.051034
-32.103818
-32.209504
-32.262526
-32.315432
-32.421361
-32.474510
-32.527540
-32.633720
-32.686999
-32.740157
-32.846591
-32.899996
-32.953275
-33.059956
-33.113476
-33.166875
-33.273790
-33.327417
-33.380929
-33.488065
-33.541818
-33.595436
-33.702818
-33.756693
-33.810458
-33.918111
-33.972158
-34.026078
-34.134056
-34.188312
-34.242411
-34.350776
-34.405269
-34.459573
-34.568377
-34.623129
-34.677662
-34.786953
-34.841980
-34.896762
-35.006576
-35.061890
-35.116939
-35.227306
-35.282917
-35.338246
-35.449190
-35.505107
-35.560727
-35.672268
-35.728499
-35.784421
-35.896577
-35.953130
-36.009362
-36.122151
-36.179036
-36.235588
-36.349027
-36.406254
-36.463135
-36.577246
-36.634828
-36.692048
-36.806858
-36.864814
-36.922394
-37.037938
-37.096295
-37.154252
-37.270574
-37.329357
-37.387713
-37.504860
-37.564094
-37.622873
-37.740894
-37.800608
-37.859834
-37.978782
-38.039004
-38.098704
-38.218636
-38.279398
-38.339603
-38.460580
-38.521885
-38.582628
-38.704672
-38.766561
-38.827819
-38.950960
-39.013406
-39.075200
-39.199436
-39.262427
-39.324762
-39.450087
-39.513628
-39.576507
-39.702932
-39.767040
-39.830474
-39.958023
-40.022723
