-0.000000
0.001134
0.001765
0.002348
0.003559
0.004215
0.004832
0.006103
0.006777
0.007420
0.008734
0.009417
0.010078
0.011420
0.012106
0.012777
0.014132
0.014813
0.015488
0.016842
0.017512
0.018182
0.019522
0.020175
0.020836
0.022149
0.022781
0.023426
0.024702
0.025308
0.025932
0.027161
0.027736
0.028335
0.029509
0.030049
0.030619
0.031728
0.032232
0.032768
0.033808
0.034273
0.034773
0.035737
0.036159
0.036620
0.037502
0.037879
0.038298
0.039094
0.039426
0.039801
0.040507
0.040792
0.041122
0.041738
0.041976
0.042261
0.042785
0.042978
0.043217
0.043650
0.043798
0.043993
0.044337
0.044442
0.044592
0.044848
0.044912
0.045020
0.045193
0.045218
0.045286
0.045379
0.045369
0.045398
0.045417
0.045373
0.045366
0.045316
0.045241
0.045200
0.045086
0.044984
0.044913
0.044741
0.044614
0.044516
0.044291
0.044142
0.044020
0.043749
0.043582
0.043437
0.043127
0.042943
0.042780
0.042434
0.042238
0.042059
0.041685
0.041480
0.041288
0.040892
0.040680
0.040479
0.040067
0.039852
0.039645
0.039223
0.039006
0.038795
0.038368
0.038152
0.037939
0.037511
0.037299
0.037087
0.036663
0.036456
-0.000000
0.001134
0.001765
0.002348
0.003559
0.004215
0.004832
0.006103
0.006777
0.007420
0.008734
0.009417
0.010078
0.011420
0.012106
0.012777
0.014132
0.014813
0.015488
0.016842
0.017512
0.018182
0.019522
0.020175
0.020836
0.022149
0.022781
0.023426
0.024702
0.025308
0.025932
0.027161
0.027736
0.028335
0.029509
0.030049
0.030619
0.031728
0.032232
0.032768
0.033808
0.034273
0.034773
0.035737
0.036159
0.036620
0.037502
0.037879
0.038298
0.039094
0.039426
0.039801
0.040507
0.040792
0.041122
0.041738
0.041976
0.042261
0.042785
0.042978
0.043217
0.043650
0.043798
0.043993
0.044337
0.044442
0.044592
0.044848
0.044912
0.045020
0.045193
0.045218
0.045286
0.045379
0.045369
0.045398
0.045417
0.045373
0.045366
0.045316
0.045241
0.045200
0.045086
0.044984
0.044913
0.044741
0.044614
0.044516
0.044291
0.044142
0.044020
0.043749
0.043582
0.043437
0.043127
0.042943
0.042780
0.042434
0.042238
0.042059
0.041685
0.041480
0.041288
0.040892
0.040680
0.040479
0.040067
0.039852
0.039645
0.039223
0.039006
0.038795
0.038368
0.038152
0.037939
0.037511
0.037299
0.037087
0.036663
0.036456
