-0.000000
0.001134
0.001765
0.002347
0.003558
0.004214
0.004830
0.006100
0.006774
0.007417
0.008731
0.009415
0.010076
0.011418
0.012104
0.012776
0.014131
0.014813
0.015488
0.016843
0.017515
0.018186
0.019527
0.020181
0.020842
0.022157
0.022789
0.023435
0.024712
0.025318
0.025943
0.027173
0.027748
0.028348
0.029522
0.030064
0.030634
0.031746
0.032252
0.032789
0.033832
0.034299
0.034801
0.035769
0.036193
0.036656
0.037543
0.037923
0.038344
0.039145
0.039480
0.039858
0.040570
0.040858
0.041191
0.041812
0.042054
0.042342
0.042872
0.043067
0.043310
0.043748
0.043899
0.044096
0.044444
0.044551
0.044703
0.044963
0.045028
0.045138
0.045314
0.045340
0.045409
0.045504
0.045493
0.045523
0.045543
0.045498
0.045491
0.045441
0.045364
0.045324
0.045208
0.045103
0.045031
0.044856
0.044727
0.044627
0.044399
0.044247
0.044123
0.043848
0.043677
0.043530
0.043213
0.043026
0.042860
0.042508
0.042307
0.042124
0.041742
0.041531
0.041335
0.040930
0.040711
0.040505
0.040082
0.039858
0.039645
0.039208
0.038983
0.038765
0.038321
0.038097
0.037877
0.037432
0.037211
0.036991
0.036550
0.036333
