0.000000
0.000000
0.000005
0.000013
0.000032
0.000070
0.000093
0.000157
0.000231
0.000280
0.000405
0.000517
0.000599
0.000794
0.000949
0.001068
0.001342
0.001541
0.001701
0.002060
0.002305
0.002507
0.002955
0.003243
0.003489
0.004024
0.004357
0.004647
0.005270
0.005647
0.005981
0.006692
0.007112
0.007490
0.008287
0.008747
0.009167
0.010047
0.010547
0.011008
0.011968
0.012509
0.013010
0.014050
0.014630
0.015170
0.016290
0.016902
0.017481
0.018673
0.019322
0.019937
0.021201
0.021888
0.022539
0.023876
0.024592
0.025280
0.026684
0.027437
0.028158
0.029632
0.030422
0.031178
0.032724
0.033543
0.034336
0.035949
0.036807
0.037634
0.039319
0.040218
0.041080
0.042842
0.043772
0.044675
0.046508
0.047484
0.048423
0.050338
0.051360
0.052341
0.054344
0.055403
0.056431
0.058518
0.059633
0.060703
0.062889
0.064061
0.065182
0.067475
0.068692
0.069872
0.072270
0.073557
0.074790
0.077311
0.078671
0.079966
0.082621
0.084052
0.085413
0.088213
0.089704
0.091146
0.094080
0.095660
0.097170
0.100261
0.101933
0.103522
0.106785
0.108549
0.110226
0.113668
0.115509
0.117285
0.120905
0.122863
0.124729
0.128554
0.130632
0.132602
0.136650
0.138848
0.140931
0.145213
0.147534
0.149735
0.154258
0.156681
0.159015
0.163775
0.166353
0.168807
0.173839
0.176572
0.179163
0.184488
0.187377
0.190115
0.195744
0.198765
0.201672
0.207603
0.210819
0.213877
0.220153
0.223564
0.226795
0.233438
0.237043
0.240459
0.247480
0.251281
0.254887
0.262294
0.266291
0.270090
0.277887
0.282052
0.286069
0.294253
0.298664
0.302874
0.311495
0.316149
0.320577
0.329660
0.334556
0.339214
0.348769
0.353906
0.358801
0.368832
0.374210
0.379343
0.389854
0.395472
0.400845
0.411836
0.417694
0.423307
0.434778
0.440840
0.446726
0.458677
0.465050
0.471173
0.483670
0.490346
0.496740
0.509809
0.516782
0.523461
0.537113
0.544381
0.551351
0.565587
0.573147
0.580409
0.575341
0.573219
0.570809
0.566273
0.564398
0.562251
0.558227
0.556593
0.554699
0.551170
0.549772
0.548123
0.545073
0.543906
0.542493
0.539910
0.538924
0.537791
0.535673
0.535007
0.534097
0.532519
0.532150
0.531502
0.530483
0.530395
0.530019
0.529552
0.529736
0.529643
0.529744
0.530232
0.530415
0.531076
0.531812
0.532258
0.533430
0.534381
0.535068
0.536696
0.537835
0.538737
0.540771
0.542072
0.543167
0.525253
0.516537
0.507628
0.489994
0.481359
0.472582
0.455163
0.446596
0.437919
0.420670
0.412158
0.403559
0.386443
0.377973
0.369434
0.352421
0.343980
0.335485
0.318545
0.310119
0.301654
0.284758
0.276333
0.267883
0.251003
0.242564
0.234115
0.217222
0.208754
0.200291
0.183354
0.174843
0.166349
0.149339
0.140767
0.132229
0.115114
0.106466
0.097867
0.080615
0.071874
0.063199
0.045777
0.036927
0.028158
0.010534
0.001558
-0.007320
-0.025180
-0.034299
-0.043303
-0.061432
-0.070711
-0.079859
-0.098291
-0.107748
-0.117055
-0.135825
-0.145503
-0.154910
-0.173994
-0.183725
-0.193311
-0.212636
-0.222478
-0.232208
-0.251792
-0.261797
-0.271679
-0.291578
-0.301790
-0.311849
-0.332133
-0.342590
-0.352859
-0.373597
-0.384333
-0.394845
-0.416102
-0.427145
-0.437930
-0.459767
-0.471143
-0.482230
-0.504702
-0.516433
-0.527850
-0.551006
-0.563115
-0.574885
-0.598771
-0.611279
-0.623425
-0.648085
-0.661013
-0.673555
-0.699032
-0.712398
-0.725358
-0.731377
-0.735051
-0.738287
-0.745202
-0.749341
-0.753034
-0.760871
-0.765493
-0.769656
-0.778446
-0.783569
-0.788216
-0.797991
-0.803630
-0.808777
-0.819568
-0.825737
-0.831399
-0.843235
-0.849947
-0.856137
-0.869044
-0.876311
-0.883043
-0.897046
-0.904878
-0.912163
-0.927284
-0.935693
-0.943542
-0.959804
-0.968799
-0.977223
-0.974434
-0.973925
-0.972828
-0.971224
-0.971315
-0.970814
-0.970405
-0.971100
-0.971197
-0.971990
-0.973291
-0.973990
-0.975991
-0.977899
-0.979202
-0.982414
-0.984928
-0.986837
-0.991260
-0.994381
-0.996895
-1.002529
-1.006254
-1.009373
-1.016217
-1.020545
-1.024267
-1.032317
-1.037245
-1.041569
-1.050821
-1.056346
-1.061270
-1.071717
-1.077837
-1.083357
-1.094995
-1.101704
-1.107817
-1.120638
-1.127934
-1.134636
-1.148632
-1.156509
-1.163797
-1.178960
-1.187413
-1.195282
-1.211601
-1.220625
-1.229070
-1.246536
-1.256126
-1.265141
-1.263718
-1.263863
-1.263421
-1.263118
-1.263791
-1.263903
-1.264682
-1.265869
-1.266515
-1.268342
-1.270031
-1.271193
-1.274038
-1.276212
-1.277876
-1.281709
-1.284354
-1.286504
-1.291293
-1.294393
-1.297013
-1.302728
-1.306267
-1.309341
-1.296006
-1.290002
-1.283524
-1.271033
-1.265390
-1.259324
-1.247606
-1.242302
-1.236611
-1.225608
-1.220623
-1.215277
-1.204939
-1.200248
-1.195223
-1.185499
-1.181079
-1.176349
-1.167191
-1.163017
-1.158558
-1.130039
-1.116153
-1.101974
-1.073898
-1.060150
-1.046179
-1.018449
-1.004815
-0.991004
-0.963549
-0.950002
-0.936315
-0.909072
-0.895586
-0.881990
-0.854899
-0.841444
-0.827910
-0.800912
-0.787460
-0.773956
-0.746991
-0.733510
-0.720007
-0.673201
-0.649759
-0.626291
-0.579368
-0.555774
-0.532234
-0.485089
-0.461319
-0.437655
-0.390211
-0.366240
-0.342414
-0.294606
-0.270380
-0.246463
-0.198319
-0.174053
-0.149936
-0.101539
-0.077150
-0.052871
-0.004183
0.020409
0.044868
0.093940
0.118805
0.143489
0.193059
0.218263
0.243227
0.293414
0.319016
0.344316
0.395237
0.421290
0.446983
0.498749
0.525306
0.551446
0.604162
0.631271
0.657911
0.711678
0.739389
0.766579
0.821497
0.849857
0.877646
0.933812
0.962870
0.991307
1.048819
1.078623
1.107757
1.146972
1.167701
1.187701
1.228448
1.250004
1.270798
1.313167
1.335610
1.357243
1.401339
1.424727
1.447250
1.493181
1.517569
1.541038
1.588914
1.614358
1.638827
1.688759
1.715315
1.740839
1.792938
1.820663
1.847300
1.881911
1.901041
1.918992
1.956091
1.976553
1.995763
2.035447
2.057258
2.077776
2.120116
2.143307
2.165171
2.210239
2.234850
2.258100
2.286165
2.302333
2.317100
2.348049
2.365723
