0.000000
-0.008159
-0.011813
-0.015738
-0.023334
-0.026680
-0.030316
-0.037267
-0.040268
-0.043577
-0.049855
-0.052504
-0.055475
-0.061111
-0.063431
-0.066081
-0.071017
-0.072983
-0.075283
-0.079516
-0.081131
-0.083082
-0.086665
-0.087962
-0.089592
-0.092486
-0.093448
-0.094739
-0.097009
-0.097674
-0.098659
-0.100277
-0.100634
-0.101301
-0.102293
-0.102358
-0.102721
-0.103166
-0.102981
-0.103079
-0.102962
-0.102522
-0.102348
-0.101753
-0.101066
-0.100652
-0.099520
-0.098593
-0.097922
-0.096296
-0.095158
-0.094253
-0.092183
-0.090860
-0.089745
-0.087281
-0.085798
-0.084499
-0.081740
-0.080149
-0.078715
-0.075664
-0.073964
-0.072397
-0.069104
-0.067320
-0.065644
-0.062208
-0.060387
-0.058651
-0.055118
-0.053283
-0.051509
-0.047925
-0.046097
-0.044307
-0.040666
-0.038840
-0.037031
-0.033422
-0.031640
-0.029855
-0.026314
-0.024592
-0.022848
-0.019361
-0.017690
-0.015981
-0.012626
-0.011042
-0.009405
-0.006162
-0.004653
-0.003076
0.000030
0.001456
0.002960
0.005862
0.007172
0.008570
0.011251
0.012438
0.013724
0.016169
0.017230
0.018396
0.020596
0.021528
0.022570
0.024564
0.025390
0.026329
0.028114
0.028834
0.029668
0.031195
0.031785
0.032491
0.033761
0.034224
0.000000
-0.008159
-0.011813
-0.015738
-0.023334
-0.026680
-0.030316
-0.037267
-0.040268
-0.043577
-0.049855
-0.052504
-0.055475
-0.061111
-0.063431
-0.066081
-0.071017
-0.072983
-0.075283
-0.079516
-0.081131
-0.083082
-0.086665
-0.087962
-0.089592
-0.092486
-0.093448
-0.094739
-0.097009
-0.097674
-0.098659
-0.100277
-0.100634
-0.101301
-0.102293
-0.102358
-0.102721
-0.103166
-0.102981
-0.103079
-0.102962
-0.102522
-0.102348
-0.101753
-0.101066
-0.100652
-0.099520
-0.098593
-0.097922
-0.096296
-0.095158
-0.094253
-0.092183
-0.090860
-0.089745
-0.087281
-0.085798
-0.084499
-0.081740
-0.080149
-0.078715
-0.075664
-0.073964
-0.072397
-0.069104
-0.067320
-0.065644
-0.062208
-0.060387
-0.058651
-0.055118
-0.053283
-0.051509
-0.047925
-0.046097
-0.044307
-0.040666
-0.038840
-0.037031
-0.033422
-0.031640
-0.029855
-0.026314
-0.024592
-0.022848
-0.019361
-0.017690
-0.015981
-0.012626
-0.011042
-0.009405
-0.006162
-0.004653
-0.003076
0.000030
0.001456
0.002960
0.005862
0.007172
0.008570
0.011251
0.012438
0.013724
0.016169
0.017230
0.018396
0.020596
0.021528
0.022570
0.024564
0.025390
0.026329
0.028114
0.028834
0.029668
0.031195
0.031785
0.032491
0.033761
0.034224
