0.000000
0.299003
0.379223
0.520563
0.745112
0.814828
0.920714
1.098560
1.159280
1.242814
1.388127
1.439934
1.508160
1.629475
1.676914
1.734698
1.840302
1.882677
1.932945
2.025864
2.063683
2.107895
2.182394
2.212142
2.247618
2.313044
2.339613
2.370751
2.428612
2.452318
2.479843
2.531199
2.552331
2.576752
2.614975
2.629927
2.648113
2.681369
2.694674
2.710477
2.739671
2.751480
2.765337
2.791070
2.801521
2.813721
2.829116
2.834501
2.841785
2.854528
2.859203
2.865206
2.875932
2.879949
2.884979
2.886744
2.886296
2.887058
2.887426
2.886815
2.886894
2.886392
2.885615
2.885269
2.876766
2.871910
2.867752
2.858775
2.854155
2.849755
2.840751
2.836317
2.831895
2.815503
2.807229
2.799286
2.783097
2.775362
2.767503
2.751916
2.744655
2.737078
2.714498
2.703540
2.692632
2.670787
2.660613
2.650044
2.629299
2.619824
2.609777
2.582265
2.569163
2.555897
2.529542
2.517429
2.504704
2.479857
2.468628
2.456628
2.433373
2.422918
2.411699
2.381727
2.367601
2.353167
2.324616
2.311594
2.297826
2.271025
2.258992
2.246058
2.221071
2.209934
2.197869
2.165897
2.150912
2.135539
2.105187
2.091422
2.076807
2.048413
2.035738
2.022056
1.995676
1.983987
1.971269
1.946838
1.936048
1.924265
1.892412
1.877511
1.862224
1.832038
1.818405
1.803893
1.775732
1.763224
1.749673
1.723590
1.712097
1.699540
1.665818
1.650121
1.633963
1.602108
1.587800
1.572508
1.542888
1.529807
1.515575
1.488235
1.476258
1.463116
1.437967
1.426992
1.414900
1.391805
1.381742
1.370637
1.339244
1.324615
1.309608
1.279972
1.266697
1.252497
1.225003
1.212919
1.199732
1.174434
1.163417
1.151278
1.128093
1.118042
1.106915
1.085709
1.076537
1.066360
1.046984
1.038614
1.029316
1.011624
1.003989
0.995501
0.968548
0.955888
0.943053
0.917561
0.906169
0.893992
0.870406
0.860112
0.848832
0.827234
0.817918
0.807585
0.787911
0.779479
0.770068
0.752200
0.744573
0.736029
0.719835
0.712957
0.705165
0.690470
0.684157
0.677090
0.663689
0.657899
0.651455
0.639203
0.633892
0.628000
0.616781
0.611908
0.606512
0.584808
0.574339
0.564023
0.543248
0.533847
0.523925
0.504590
0.496089
0.486836
0.469063
0.461350
0.452836
0.436589
0.429791
0.422445
0.408768
0.404452
0.398338
0.387795
0.384709
0.379986
0.372074
0.369892
0.366344
0.360530
0.359010
0.356403
0.352209
0.351156
0.349279
0.346298
0.345586
0.344085
0.341822
0.341014
0.339850
0.337855
0.336948
0.335912
0.333959
0.332960
0.331944
0.329927
0.328847
0.327802
0.325678
0.324526
0.323432
0.321189
0.319975
0.318826
0.316465
0.315198
0.313994
0.311524
0.310211
0.308955
0.306387
0.305032
0.303728
0.301072
0.299679
0.298334
0.295597
0.294171
0.292787
0.289978
0.288521
0.287102
0.284227
0.282742
0.281292
0.278358
0.276847
0.275369
0.272380
0.270847
0.269343
0.266305
0.264751
0.263224
0.260143
0.258570
0.257023
0.253903
0.252316
0.250751
0.236031
0.228043
0.221505
0.207059
0.200762
0.194243
0.181405
0.176424
0.170571
0.159675
0.155688
0.150677
0.141609
0.138357
0.134153
0.126632
0.123917
0.120402
0.114118
0.111793
0.108832
0.103504
0.101463
0.098934
0.094331
0.092500
0.090301
0.086246
0.084575
0.082628
0.078991
0.077446
0.075693
0.072381
0.070943
0.069344
0.066296
0.064953
0.063483
0.060660
0.059410
0.058051
0.055435
0.054340
0.053205
0.050971
0.050202
0.049228
0.047471
0.046955
0.046192
0.044895
0.044575
0.044019
0.043126
0.042973
0.042601
0.042061
0.042030
0.041822
0.041570
0.041641
0.041569
0.041559
0.041722
0.041766
0.041966
0.042216
0.042364
0.042756
0.043093
0.043339
0.043917
0.044346
0.044688
0.045454
0.046045
0.046522
0.047581
0.048336
0.048939
0.050287
0.051165
0.051896
0.053496
0.054468
0.055313
0.057121
0.058167
0.059109
0.061090
0.062197
0.063221
0.065348
0.066513
0.067608
0.069864
0.071086
0.072246
0.074626
0.075908
0.077133
0.079637
0.080985
0.082276
0.084914
0.086337
0.087699
0.090482
0.091989
0.093429
0.096374
0.097977
0.099503
0.102631
0.104340
0.105963
0.109294
0.111121
0.112853
0.116409
0.118368
0.120219
0.124026
0.126129
0.128111
0.132194
0.134453
0.136580
0.140964
0.143423
0.145588
0.150195
0.152579
0.154861
0.159522
0.161858
0.164176
0.168831
0.171147
0.173474
0.178120
0.180441
0.182775
0.187432
0.189781
0.192129
0.196829
0.199223
0.201602
0.206376
0.208831
0.211254
0.216132
0.218664
0.220965
0.225781
0.228018
0.230302
0.234824
0.236819
0.238976
0.243136
0.244939
0.246934
0.250741
0.252391
0.254226
0.257721
0.259249
0.260941
0.264169
0.265600
0.267169
0.270175
0.271500
0.272746
0.275304
0.276103
0.277151
0.279007
0.279361
0.280087
0.281183
0.281161
0.281537
0.281907
0.281565
0.281601
0.281311
0.280693
0.280419
0.279540
0.278681
0.278128
0.276727
0.275653
0.274851
0.272982
0.271654
0.270383
0.267775
0.265769
0.264169
0.260576
0.258002
0.255954
0.251351
0.248305
0.245794
0.229000
0.219332
0.211551
0.194203
0.185849
0.177714
0.161224
0.153889
0.146081
0.130893
0.124318
0.117062
0.103176
0.097154
0.090466
0.077702
0.072079
0.065888
0.054027
0.048692
0.042908
0.031750
0.026629
0.021166
0.010551
0.005601
0.000393
-0.009791
-0.014593
-0.019593
-0.029414
-0.034073
-0.038890
-0.048382
-0.052887
-0.057531
-0.066695
-0.071026
-0.075494
-0.084306
-0.088435
-0.092710
-0.101127
-0.104890
-0.108778
-0.116439
-0.119601
-0.123136
-0.129859
-0.132488
-0.135577
-0.141325
-0.143470
-0.146086
-0.150877
-0.152564
-0.154709
-0.158568
-0.159805
-0.161482
-0.164420
-0.165196
-0.166403
-0.168408
-0.168698
-0.169422
-0.159687
-0.153373
-0.148890
-0.138205
-0.132778
-0.127740
-0.117291
-0.112455
-0.107417
-0.097518
-0.092984
-0.088097
-0.078639
-0.074147
-0.069364
-0.060054
-0.055231
-0.050429
-0.040793
-0.035651
