0.000000
-0.001440
-0.002160
-0.002879
-0.004317
-0.005033
-0.005750
-0.007182
-0.007892
-0.008605
-0.010028
-0.010732
-0.011441
-0.012854
-0.013552
-0.014255
-0.015656
-0.016347
-0.017044
-0.018433
-0.019117
-0.019807
-0.021182
-0.021859
-0.022543
-0.023903
-0.024573
-0.025250
-0.026596
-0.027258
-0.027928
-0.029259
-0.029914
-0.030576
-0.031893
-0.032541
-0.033196
-0.034498
-0.035138
-0.035785
-0.037072
-0.037704
-0.038344
-0.039616
-0.040241
-0.040873
-0.042129
-0.042746
-0.043370
-0.044611
-0.045220
-0.045836
-0.047061
-0.047661
-0.048269
-0.049477
-0.050068
-0.050667
-0.051857
-0.052439
-0.053029
-0.054201
-0.054773
-0.055353
-0.056506
-0.057067
-0.057637
-0.058769
-0.059318
-0.059878
-0.060987
-0.061524
-0.062073
-0.063158
-0.063682
-0.064218
-0.065277
-0.065787
-0.066309
-0.067341
-0.067836
-0.068344
-0.069347
-0.069825
-0.070318
-0.071288
-0.071749
-0.072225
-0.073162
-0.073604
-0.074063
-0.074963
-0.075385
-0.075825
-0.076687
-0.077087
-0.077507
-0.078327
-0.078704
-0.079104
-0.079880
-0.080237
-0.080616
-0.081348
-0.081681
-0.082035
-0.082721
-0.083030
-0.083361
-0.084000
-0.084282
-0.084589
-0.085178
-0.085434
-0.085716
-0.086253
-0.086481
-0.086735
-0.087217
-0.087414
-0.087640
-0.088063
-0.088230
-0.088426
-0.088788
-0.088923
-0.089088
-0.089388
-0.089490
-0.089624
-0.089860
-0.089928
-0.090028
-0.090195
-0.090225
-0.090291
-0.090387
-0.090380
-0.090409
-0.090432
-0.090387
-0.090380
-0.090328
-0.090242
-0.090195
-0.090063
-0.089935
-0.089848
-0.089633
-0.089463
-0.089335
-0.089036
-0.088822
-0.088652
-0.088268
-0.088011
-0.087798
-0.087328
-0.087028
-0.086772
-0.086216
-0.085868
-0.085566
-0.084916
-0.084520
-0.084171
-0.083426
-0.082981
-0.082584
-0.081742
-0.081249
-0.080804
-0.079865
-0.079323
-0.078829
-0.077793
-0.077202
-0.076660
-0.075527
-0.074887
-0.074297
-0.073066
-0.072377
-0.071738
-0.070410
-0.069665
-0.068974
-0.067538
-0.066738
-0.065992
-0.064447
-0.063591
-0.062791
-0.061136
-0.060225
-0.059370
-0.057605
-0.056639
-0.055730
-0.053855
-0.052835
-0.051871
-0.050051
-0.049030
-0.048085
-0.046120
-0.045031
-0.044015
-0.041912
-0.040758
-0.039674
-0.037438
-0.036222
-0.035073
-0.032709
-0.031434
-0.030222
-0.027736
-0.026394
-0.025118
-0.022500
-0.021094
-0.019753
-0.017007
-0.015540
-0.014137
-0.011267
-0.009742
-0.008280
-0.005293
-0.003714
-0.002194
0.000904
0.002534
0.004107
0.007308
0.008983
0.010605
0.013901
0.015617
0.017284
0.020666
0.022419
0.024128
0.027589
0.029376
0.031122
0.034579
0.036371
0.038117
0.041654
0.043479
0.045263
0.048871
0.050724
0.052542
0.056212
0.058091
0.059938
0.063663
0.065563
0.067435
0.071207
0.073125
0.075018
0.078829
0.080760
0.082672
0.086513
0.088454
0.090378
0.094243
0.096189
0.098123
0.102002
0.103949
0.105888
0.109773
0.111716
0.113656
0.117538
0.119474
0.121411
0.125281
0.127205
0.129133
0.132984
0.134890
0.136806
0.140627
0.142512
0.144411
0.148193
0.150052
0.151929
0.155664
0.157491
0.159342
0.163020
0.164812
0.166632
0.170243
0.171994
0.173779
0.177314
0.179015
0.180762
0.184209
0.185865
0.187564
0.190918
0.192522
0.194172
0.197424
0.198969
0.200565
0.203704
0.205185
0.206722
0.209738
0.211149
0.212622
0.215504
0.216841
0.218244
0.220982
0.222239
0.223568
0.226152
0.227324
0.228573
0.230994
0.232077
0.233242
0.235489
0.236479
0.237555
0.239619
0.240510
0.241493
0.243365
0.244154
0.245038
0.246709
0.247391
0.248172
0.249677
0.250267
0.250963
0.252248
0.252724
0.253309
0.254369
0.254728
0.255200
0.256030
0.256270
0.256625
0.257220
0.257339
0.257576
0.257931
0.257927
0.258042
0.258153
0.258023
0.258015
0.257877
0.257620
0.257487
0.257096
0.256709
0.256448
0.255800
0.255282
0.254892
0.253983
0.253332
0.252811
0.251672
0.250902
0.250265
0.248858
0.247953
0.247182
0.245505
0.244465
0.243560
0.241614
0.240440
0.239400
0.237185
0.235876
0.234702
0.232218
0.230776
0.229467
0.226716
0.225140
0.223698
0.220680
0.218972
0.217397
0.214113
0.212273
0.210566
0.207019
0.205048
0.203210
0.199401
0.197301
0.195333
0.191265
0.189037
0.186939
0.182615
0.180261
0.178036
0.173458
0.170980
0.168629
0.163800
0.161200
0.158725
0.153650
0.150930
0.148333
0.143015
0.140177
0.137460
0.131905
0.128951
0.126116
0.120352
0.117292
0.114353
0.108354
0.105183
0.102128
0.095903
0.092623
0.089457
0.083011
0.079626
0.076351
0.069692
0.066205
0.062825
0.055959
0.052374
0.048893
0.041828
0.038148
0.034570
0.027313
0.023544
0.019872
0.012453
0.008603
0.004850
-0.002751
-0.006685
-0.010527
-0.018301
-0.022314
-0.026239
-0.034177
-0.038264
-0.042269
-0.050359
-0.054516
-0.058595
-0.066829
-0.071050
-0.075198
-0.083565
-0.087844
-0.092056
-0.100521
-0.104849
-0.109107
-0.117692
-0.122068
-0.126384
-0.135074
-0.139494
-0.143860
-0.152643
-0.157099
-0.161508
-0.170370
-0.174856
-0.179301
-0.188230
-0.192738
-0.197213
-0.206193
-0.210716
-0.215213
-0.224230
-0.228760
-0.233271
-0.242277
-0.246799
-0.251300
-0.260320
-0.264832
-0.269336
-0.278349
-0.282843
-0.287339
-0.296326
-0.300792
-0.305270
-0.314211
-0.318640
-0.323098
-0.331981
-0.336374
-0.340795
-0.349605
-0.353946
-0.358323
-0.367036
-0.371309
-0.375631
-0.384220
-0.388412
-0.392664
-0.401104
-0.405200
-0.409371
-0.417634
-0.421622
-0.425698
-0.433758
-0.437625
-0.441593
-0.449424
-0.453158
-0.457006
-0.464584
-0.468173
-0.471888
-0.479187
-0.482619
-0.486189
-0.493187
-0.496449
-0.499862
-0.506534
-0.509616
-0.512860
-0.519182
-0.522072
-0.525136
-0.531097
-0.533791
-0.536671
-0.542241
-0.544727
-0.547408
-0.552571
-0.554840
-0.557313
-0.562051
-0.564095
-0.566351
-0.570648
-0.572459
-0.574490
-0.578329
-0.579899
-0.581697
-0.585062
-0.586384
-0.587941
-0.590817
-0.591884
-0.593193
-0.595556
-0.596393
-0.597454
-0.599348
-0.599939
-0.600762
-0.602173
-0.602511
-0.603089
-0.604002
-0.604081
-0.604406
-0.604808
-0.604622
-0.604689
-0.604554
-0.604092
-0.603889
-0.603224
-0.602491
