21.322000
21.322003
21.322004
21.322005
21.322008
21.322009
21.322011
21.322014
21.322015
21.322016
21.322019
21.322020
21.322022
21.322024
21.322026
21.322027
21.322030
21.322031
21.322032
21.322035
21.322036
21.322038
21.322040
21.322042
21.322043
21.322046
21.322047
21.322048
21.322051
21.322052
21.322054
21.322056
21.322058
21.322059
21.322062
21.322063
21.322064
21.322067
21.322068
21.322069
21.322072
21.322073
21.322074
21.322077
21.322078
21.322079
21.322081
21.322082
21.322084
21.322086
21.322087
21.322088
21.322090
21.322092
21.322093
21.322095
21.322096
21.322097
21.322099
21.322100
21.322101
21.322103
21.322104
21.322105
21.322107
21.322107
21.322108
21.322110
21.322111
21.322112
21.322113
21.322114
21.322115
21.322116
21.322117
21.322118
21.322119
21.322120
21.322120
21.322122
21.322122
21.322123
21.322124
21.322124
21.322125
21.322126
21.322126
21.322127
21.322128
21.322128
21.322128
21.322129
21.322129
21.322130
21.322130
21.322130
21.322131
21.322131
21.322131
21.322131
21.322132
21.322132
21.322132
21.322132
21.322132
21.322132
21.322132
21.322132
21.322132
21.322132
21.322132
21.322132
21.322131
21.322131
21.322131
21.322131
21.322130
21.322130
21.322130
21.322129
21.322129
21.322128
21.322128
21.322128
21.322127
21.322127
21.322126
21.322125
21.322125
21.322124
21.322123
21.322123
21.322122
21.322121
21.322121
21.322120
21.322119
21.322118
21.322118
21.322116
21.322116
21.322115
21.322114
21.322113
21.322112
21.322111
21.322110
21.322109
21.322108
21.322107
21.322106
21.322104
21.322103
21.322103
21.322101
21.322100
21.322099
21.322097
21.322096
21.322095
21.322094
21.322093
21.322092
21.322090
21.322089
21.322088
21.322086
21.322085
21.322084
21.322082
21.322081
21.322080
21.322078
21.322076
21.322075
21.322073
21.322072
21.322071
21.322069
21.322068
21.322067
21.322064
21.322063
21.322062
21.322060
21.322059
21.322057
21.322055
21.322054
21.322053
21.322050
21.322049
21.322048
21.322046
21.322044
21.322043
21.322041
21.322039
21.322038
21.322036
21.322035
21.322033
21.322031
21.322030
21.322028
21.322026
21.322025
21.322023
21.322021
21.322019
21.322018
21.322016
21.322014
21.322013
21.322010
21.322009
21.322008
21.322005
21.322004
21.322003
21.322000
21.321999
21.321997
21.321995
21.321993
21.321992
21.321990
21.321988
21.321987
21.321984
21.321983
21.321982
21.321979
21.321978
21.321976
21.321974
21.321972
21.321971
21.321968
21.321967
21.321965
21.321963
21.321961
21.321960
21.321957
21.321956
21.321955
21.321952
21.321951
21.321949
21.321946
21.321945
21.321944
21.321941
21.321940
21.321938
21.321936
21.321934
21.321933
21.321930
21.321929
21.321927
21.321925
21.321923
21.321922
21.321919
21.321918
21.321916
21.321914
21.321912
21.321911
21.321908
21.321907
21.321905
21.321903
21.321901
21.321900
21.321897
21.321896
21.321894
21.321892
21.321890
21.321889
21.321886
21.321885
21.321883
21.321881
21.321879
21.321878
21.321875
21.321874
21.321872
21.321869
21.321868
21.321867
21.321864
21.321862
21.321861
21.321858
21.321857
21.321856
21.321853
21.321851
21.321850
21.321847
21.321846
21.321844
21.321842
21.321840
21.321839
21.321836
21.321835
21.321833
21.321830
21.321829
21.321828
21.321825
21.321823
21.321822
21.321819
21.321818
21.321816
21.321814
21.321812
21.321811
21.321808
21.321807
21.321805
21.321803
21.321801
21.321800
21.321797
21.321796
21.321794
21.321791
21.321790
21.321789
21.321786
21.321784
21.321783
21.321780
21.321779
21.321777
21.321775
21.321773
21.321772
21.321769
21.321768
21.321766
21.321763
21.321762
21.321761
21.321758
21.321756
21.321755
21.321752
21.321751
21.321749
21.321747
21.321745
21.321744
21.321741
21.321740
21.321738
21.321736
21.321734
21.321733
21.321730
21.321729
21.321727
21.321724
21.321723
21.321722
21.321719
21.321717
21.321716
21.321713
21.321712
21.321710
21.321708
21.321706
21.321705
21.321702
21.321701
21.321699
21.321696
21.321695
21.321694
21.321691
21.321689
21.321688
21.321685
21.321684
21.321682
21.321680
21.321678
21.321677
21.321674
21.321673
21.321671
21.321669
21.321667
21.321666
21.321663
21.321662
21.321660
21.321657
21.321656
21.321655
21.321652
21.321650
21.321649
21.321646
21.321645
21.321643
21.321641
21.321639
21.321638
21.321635
21.321634
21.321632
21.321629
21.321628
21.321627
21.321624
21.321622
21.321621
21.321618
21.321617
21.321615
21.321613
21.321611
21.321610
21.321607
21.321606
21.321604
21.321601
21.321600
21.321599
21.321596
21.321594
21.321593
21.321590
21.321589
21.321587
21.321585
21.321583
21.321582
21.321579
21.321578
21.321576
21.321573
21.321572
21.321571
21.321568
21.321566
21.321565
21.321562
21.321561
21.321559
21.321557
21.321555
21.321554
21.321551
21.321550
21.321548
21.321545
21.321544
21.321542
21.321540
21.321538
21.321537
21.321534
21.321533
21.321531
21.321528
21.321527
21.321526
21.321523
21.321521
21.321520
21.321517
21.321516
21.321514
21.321512
21.321510
21.321509
21.321506
21.321505
21.321503
21.321500
21.321499
21.321497
21.321495
21.321493
21.321492
21.321489
21.321488
21.321486
21.321483
21.321482
21.321481
21.321478
21.321476
21.321475
21.321472
21.321471
21.321469
21.321466
21.321465
21.321464
21.321461
21.321459
21.321458
21.321455
21.321454
21.321452
21.321449
21.321448
21.321447
21.321444
21.321442
21.321441
21.321438
21.321437
21.321435
21.321432
21.321431
21.321430
21.321427
21.321425
21.321424
21.321421
21.321420
21.321418
21.321415
21.321414
21.321413
21.321410
21.321408
21.321407
21.321404
21.321403
21.321401
21.321398
21.321397
21.321396
21.321393
21.321391
21.321390
21.321387
21.321386
21.321384
21.321381
21.321380
21.321379
21.321376
21.321374
21.321373
21.321370
21.321369
21.321367
21.321364
21.321363
21.321362
21.321359
21.321357
21.321356
21.321353
21.321352
21.321350
21.321348
21.321346
21.321345
21.321342
21.321340
21.321339
21.321336
21.321335
21.321333
21.321331
21.321329
21.321328
21.321325
21.321324
21.321322
21.321319
21.321318
21.321317
21.321314
21.321312
21.321311
21.321308
21.321307
21.321305
21.321303
21.321301
21.321300
21.321297
21.321296
