-157.924000
-157.924000
-157.924000
-157.924000
-157.924000
-157.924000
-157.924000
-157.924000
-157.924000
-157.924000
-157.924000
-157.924000
-157.924000
-157.924000
-157.924000
-157.924000
-157.924000
-157.924000
-157.924000
-157.924000
-157.924000
-157.924000
-157.924000
-157.924000
-157.924000
-157.924000
-157.924000
-157.924000
-157.924000
-157.924000
-157.924000
-157.924000
-157.924000
-157.924000
-157.924000
-157.924000
-157.924000
-157.924000
-157.924000
-157.924000
-157.924000
-157.924000
-157.924000
-157.924000
-157.924000
-157.924000
-157.924000
-157.924000
-157.924000
-157.924000
-157.924000
-157.924000
-157.924000
-157.924000
-157.924000
-157.924000
-157.924000
-157.924000
-157.924000
-157.924000
-157.924000
-157.924000
-157.924000
-157.924000
-157.924000
-157.924000
-157.924000
-157.924000
-157.924000
-157.924000
-157.924000
-157.924000
-157.924000
-157.924000
-157.924000
-157.924000
-157.924000
-157.924000
-157.924000
-157.924000
-157.924000
-157.924000
-157.924000
-157.924000
-157.924000
-157.924000
-157.924000
-157.924000
-157.924000
-157.924000
-157.924000
-157.924000
-157.924000
-157.924000
-157.924000
-157.924000
-157.924000
-157.924000
-157.924000
-157.924000
-157.924000
-157.923999
-157.924000
-157.923999
-157.923999
-157.923999
-157.923999
-157.923999
-157.923999
-157.923999
-157.923999
-157.923999
-157.923999
-157.923999
-157.923999
-157.923999
-157.923999
-157.923999
-157.923998
-157.923998
-157.923998
-157.923998
-157.923998
-157.923998
-157.923998
-157.923998
-157.923998
-157.923998
-157.923998
-157.923998
-157.923997
-157.923997
-157.923997
-157.923997
-157.923997
-157.923997
-157.923997
-157.923997
-157.923997
-157.923997
-157.923997
-157.923996
-157.923996
-157.923996
-157.923996
-157.923996
-157.923996
-157.923996
-157.923996
-157.923996
-157.923995
-157.923995
-157.923995
-157.923995
-157.923995
-157.923995
-157.923995
-157.923995
-157.923994
-157.923994
-157.923994
-157.923994
-157.923994
-157.923994
-157.923994
-157.923994
-157.923993
-157.923993
-157.923993
-157.923993
-157.923993
-157.923993
-157.923992
-157.923992
-157.923992
-157.923992
-157.923992
-157.923992
-157.923992
-157.923991
-157.923991
-157.923991
-157.923991
-157.923991
-157.923991
-157.923990
-157.923990
-157.923990
-157.923990
-157.923990
-157.923989
-157.923989
-157.923989
-157.923989
-157.923989
-157.923989
-157.923988
-157.923988
-157.923988
-157.923988
-157.923987
-157.923987
-157.923987
-157.923987
-157.923987
-157.923986
-157.923986
-157.923986
-157.923986
-157.923985
-157.923985
-157.923985
-157.923985
-157.923985
-157.923984
-157.923984
-157.923984
-157.923983
-157.923983
-157.923983
-157.923983
-157.923983
-157.923982
-157.923982
-157.923982
-157.923982
-157.923981
-157.923981
-157.923981
-157.923980
-157.923980
-157.923980
-157.923979
-157.923979
-157.923979
-157.923979
-157.923978
-157.923978
-157.923978
-157.923977
-157.923977
-157.923977
-157.923977
-157.923976
-157.923976
-157.923976
-157.923975
-157.923975
-157.923975
-157.923974
-157.923974
-157.923974
-157.923973
-157.923973
-157.923973
-157.923972
-157.923972
-157.923972
-157.923971
-157.923971
-157.923971
-157.923970
-157.923970
-157.923970
-157.923969
-157.923969
-157.923968
-157.923968
-157.923968
-157.923967
-157.923967
-157.923966
-157.923966
-157.923966
-157.923965
-157.923965
-157.923965
-157.923964
-157.923964
-157.923964
-157.923963
-157.923963
-157.923962
-157.923962
-157.923961
-157.923961
-157.923961
-157.923960
-157.923960
-157.923959
-157.923959
-157.923959
-157.923958
-157.923958
-157.923957
-157.923957
-157.923956
-157.923956
-157.923955
-157.923955
-157.923955
-157.923954
-157.923954
-157.923953
-157.923953
-157.923952
-157.923952
-157.923951
-157.923951
-157.923951
-157.923950
-157.923949
-157.923949
-157.923948
-157.923948
-157.923948
-157.923947
-157.923947
-157.923946
-157.923945
-157.923945
-157.923945
-157.923944
-157.923944
-157.923943
-157.923942
-157.923942
-157.923942
-157.923941
-157.923941
-157.923940
-157.923939
-157.923939
-157.923939
-157.923938
-157.923937
-157.923937
-157.923936
-157.923936
-157.923936
-157.923935
-157.923934
-157.923934
-157.923933
-157.923933
-157.923932
-157.923932
-157.923931
-157.923931
-157.923930
-157.923930
-157.923929
-157.923928
-157.923928
-157.923928
-157.923927
-157.923926
-157.923926
-157.923925
-157.923925
-157.923924
-157.923923
-157.923923
-157.923923
-157.923922
-157.923921
-157.923921
-157.923920
-157.923920
-157.923919
-157.923919
-157.923918
-157.923918
-157.923917
-157.923916
-157.923916
-157.923915
-157.923915
-157.923914
-157.923914
-157.923913
-157.923913
-157.923912
-157.923911
-157.923911
-157.923910
-157.923910
-157.923909
-157.923909
-157.923908
-157.923908
-157.923907
-157.923906
-157.923906
-157.923905
-157.923905
-157.923904
-157.923904
-157.923903
-157.923903
-157.923902
-157.923901
-157.923901
-157.923900
-157.923900
-157.923899
-157.923899
-157.923898
-157.923898
-157.923897
-157.923896
-157.923896
-157.923895
-157.923895
-157.923894
-157.923894
-157.923893
-157.923893
-157.923892
-157.923892
-157.923891
-157.923890
-157.923890
-157.923890
-157.923889
-157.923888
-157.923888
-157.923887
-157.923887
-157.923886
-157.923886
-157.923885
-157.923885
-157.923884
-157.923884
-157.923883
-157.923882
-157.923882
-157.923882
-157.923881
-157.923880
-157.923880
-157.923879
-157.923879
-157.923878
-157.923878
-157.923877
-157.923877
-157.923876
-157.923876
-157.923875
-157.923875
-157.923874
-157.923874
-157.923873
-157.923873
-157.923872
-157.923872
-157.923871
-157.923871
-157.923870
-157.923870
-157.923869
-157.923869
-157.923868
-157.923868
-157.923867
-157.923867
-157.923867
-157.923866
-157.923865
-157.923865
-157.923864
-157.923864
-157.923864
-157.923863
-157.923863
-157.923862
-157.923862
-157.923861
-157.923861
-157.923860
-157.923860
-157.923860
-157.923859
-157.923859
-157.923858
-157.923858
-157.923857
-157.923857
-157.923856
-157.923856
-157.923856
-157.923855
-157.923855
-157.923855
-157.923854
-157.923854
-157.923853
-157.923853
-157.923852
-157.923852
-157.923852
-157.923851
-157.923851
-157.923850
-157.923850
-157.923850
-157.923849
-157.923849
-157.923849
-157.923848
-157.923848
-157.923848
-157.923847
-157.923847
-157.923847
-157.923846
-157.923846
-157.923846
-157.923845
-157.923845
-157.923845
-157.923844
-157.923844
-157.923844
-157.923843
-157.923843
-157.923843
-157.923842
-157.923842
-157.923842
-157.923842
-157.923841
-157.923841
-157.923841
-157.923840
-157.923840
-157.923840
-157.923840
-157.923839
-157.923839
-157.923839
-157.923839
-157.923838
-157.923838
-157.923838
-157.923838
-157.923837
-157.923837
-157.923837
-157.923837
-157.923836
-157.923836
-157.923836
-157.923836
-157.923835
-157.923835
-157.923835
-157.923835
-157.923835
-157.923834
-157.923834
-157.923834
-157.923834
-157.923833
-157.923833
-157.923833
-157.923833
-157.923833
-157.923832
-157.923832
-157.923832
-157.923832
-157.923832
-157.923831
-157.923831
-157.923831
-157.923831
-157.923831
-157.923830
-157.923830
-157.923830
-157.923830
-157.923830
-157.923829
-157.923829
-157.923829
-157.923829
-157.923829
-157.923828
-157.923828
-157.923828
-157.923828
-157.923828
-157.923827
-157.923827
-157.923827
-157.923827
-157.923827
