0.000000
0.000000
-0.000122
-0.000159
-0.000317
-0.000509
-0.000622
-0.000925
-0.001182
-0.001364
-0.001801
-0.002115
-0.002361
-0.002918
-0.003281
-0.003584
-0.004248
-0.004655
-0.005008
-0.005765
-0.006208
-0.006603
-0.007440
-0.007912
-0.008343
-0.009245
-0.009740
-0.010201
-0.011155
-0.011666
-0.012150
-0.013143
-0.013665
-0.014166
-0.015186
-0.015713
-0.016225
-0.017262
-0.017788
-0.018305
-0.019347
-0.019868
-0.020386
-0.021422
-0.021933
-0.022445
-0.023466
-0.023961
-0.024463
-0.025459
-0.025934
-0.026421
-0.027381
-0.027831
-0.028299
-0.029216
-0.029638
-0.030082
-0.030947
-0.031339
-0.031756
-0.032564
-0.032922
-0.033309
-0.034054
-0.034377
-0.034732
-0.035409
-0.035696
-0.036016
-0.036624
-0.036874
-0.037159
-0.037695
-0.037908
-0.038157
-0.038620
-0.038796
-0.039009
-0.039399
-0.039538
-0.039715
-0.040032
-0.040136
-0.040277
-0.040522
-0.040592
-0.040698
-0.040874
-0.040911
-0.040983
-0.041093
-0.041098
-0.041137
-0.041183
-0.041158
-0.041166
-0.041149
-0.041096
-0.041075
-0.041000
-0.040922
-0.040872
-0.040745
-0.040642
-0.040567
-0.040390
-0.040266
-0.040168
-0.039946
-0.039803
-0.039683
-0.039421
-0.039263
-0.039124
-0.038828
-0.038655
-0.038501
-0.038174
-0.037990
