0.000000
0.000000
-0.000122
-0.000159
-0.000317
-0.000509
-0.000622
-0.000925
-0.001181
-0.001363
-0.001799
-0.002111
-0.002356
-0.002911
-0.003273
-0.003574
-0.004235
-0.004639
-0.004990
-0.005742
-0.006182
-0.006575
-0.007406
-0.007875
-0.008304
-0.009200
-0.009692
-0.010150
-0.011097
-0.011605
-0.012086
-0.013072
-0.013590
-0.014087
-0.015100
-0.015622
-0.016129
-0.017157
-0.017677
-0.018189
-0.019220
-0.019733
-0.020245
-0.021268
-0.021771
-0.022276
-0.023283
-0.023769
-0.024264
-0.025243
-0.025708
-0.026187
-0.027129
-0.027569
-0.028028
-0.028925
-0.029337
-0.029771
-0.030616
-0.030997
-0.031404
-0.032191
-0.032539
-0.032916
-0.033640
-0.033952
-0.034297
-0.034953
-0.035230
-0.035540
-0.036126
-0.036367
-0.036642
-0.037157
-0.037361
-0.037600
-0.038043
-0.038210
-0.038413
-0.038783
-0.038914
-0.039082
-0.039380
-0.039476
-0.039608
-0.039837
-0.039899
-0.039996
-0.040156
-0.040186
-0.040250
-0.040344
-0.040342
-0.040374
-0.040405
-0.040373
-0.040374
-0.040345
-0.040287
-0.040258
-0.040173
-0.040090
-0.040035
-0.039898
-0.039792
-0.039713
-0.039529
-0.039404
-0.039302
-0.039077
-0.038934
-0.038813
-0.038549
-0.038391
-0.038252
-0.037955
-0.037784
-0.037630
-0.037305
-0.037123
0.000000
0.000000
-0.000122
-0.000159
-0.000317
-0.000509
-0.000622
-0.000925
-0.001181
-0.001363
-0.001799
-0.002111
-0.002356
-0.002911
-0.003273
-0.003574
-0.004235
-0.004639
-0.004990
-0.005742
-0.006182
-0.006575
-0.007406
-0.007875
-0.008304
-0.009200
-0.009692
-0.010150
-0.011097
-0.011605
-0.012086
-0.013072
-0.013590
-0.014087
-0.015100
-0.015622
-0.016129
-0.017157
-0.017677
-0.018189
-0.019220
-0.019733
-0.020245
-0.021268
-0.021771
-0.022276
-0.023283
-0.023769
-0.024264
-0.025243
-0.025708
-0.026187
-0.027129
-0.027569
-0.028028
-0.028925
-0.029337
-0.029771
-0.030616
-0.030997
-0.031404
-0.032191
-0.032539
-0.032916
-0.033640
-0.033952
-0.034297
-0.034953
-0.035230
-0.035540
-0.036126
-0.036367
-0.036642
-0.037157
-0.037361
-0.037600
-0.038043
-0.038210
-0.038413
-0.038783
-0.038914
-0.039082
-0.039380
-0.039476
-0.039608
-0.039837
-0.039899
-0.039996
-0.040156
-0.040186
-0.040250
-0.040344
-0.040342
-0.040374
-0.040405
-0.040373
-0.040374
-0.040345
-0.040287
-0.040258
-0.040173
-0.040090
-0.040035
-0.039898
-0.039792
-0.039713
-0.039529
-0.039404
-0.039302
-0.039077
-0.038934
-0.038813
-0.038549
-0.038391
-0.038252
-0.037955
-0.037784
-0.037630
-0.037305
-0.037123
