0.000000
0.000000
0.000000
-0.000000
-0.000000
-0.000000
-0.000000
-0.000000
-0.000001
-0.000001
-0.000002
-0.000003
-0.000004
-0.000006
-0.000008
-0.000010
-0.000013
-0.000018
-0.000020
-0.000027
-0.000033
-0.000037
-0.000048
-0.000058
-0.000065
-0.000081
-0.000094
-0.000104
-0.000128
-0.000147
-0.000161
-0.000194
-0.000219
-0.000239
-0.000284
-0.000318
-0.000344
-0.000405
-0.000449
-0.000484
-0.000564
-0.000621
-0.000668
-0.000772
-0.000846
-0.000906
-0.001042
-0.001137
-0.001214
-0.001389
-0.001510
-0.001610
-0.001834
-0.001990
-0.002118
-0.002405
-0.002604
-0.002768
-0.003135
-0.003391
-0.003602
-0.004073
-0.004403
-0.004675
-0.005284
-0.005712
-0.006064
-0.006854
-0.007416
-0.007877
-0.008914
-0.009662
-0.010273
-0.011653
-0.012668
-0.013492
-0.015363
-0.016775
-0.017914
-0.020518
-0.022557
-0.024185
-0.027951
-0.031042
-0.033483
-0.039210
-0.044253
-0.048194
-0.057631
-0.066875
-0.074070
-0.091837
-0.112471
-0.128918
-0.171652
-0.240551
-0.304784
-0.494222
-1.250669
-2.689350
-3.502258
-2.285453
3.069918
3.119465
3.097666
3.123845
3.137161
3.136545
-3.140698
-3.134195
-3.133284
-3.130407
-3.126303
-3.125268
-3.123415
-3.120409
-3.119415
-3.118022
-3.115580
-3.114638
-3.113482
-3.111357
-3.110455
-3.109431
-3.107488
-3.106610
-3.105661
-3.103824
-3.102955
-3.102048
-3.100265
-3.099383
-3.098492
-3.096716
-3.095817
-3.094924
-3.093130
-3.092209
-3.091303
-3.089473
-3.088523
-3.087596
-3.085717
-3.084722
-3.083764
-3.081809
-3.080768
-3.079769
-3.077729
-3.076639
-3.075595
-3.073460
-3.072317
-3.071224
-3.068987
-3.067787
-3.066640
-3.064293
-3.063031
-3.061828
-3.059362
-3.058023
-3.056754
-3.054145
-3.052729
-3.051387
-3.048629
-3.047132
-3.045713
-3.042796
-3.041215
-3.039716
-3.036633
-3.034964
-3.033379
-3.030123
-3.028360
-3.026686
-3.023248
-3.021388
-3.019621
-3.015993
-3.014031
-3.012167
-3.008339
-3.006257
-3.004286
-3.000231
-2.998028
-2.995941
-2.991649
-2.989322
-2.987114
-2.982577
-2.980119
-2.977786
-2.972993
-2.970401
-2.967937
-2.962880
-2.960147
-2.957549
-2.952217
-2.949636
-2.946996
-2.941774
-2.939240
-2.936652
-2.931529
-2.929036
-2.926495
-2.921460
-2.919004
-2.916504
-2.911547
-2.909123
-2.906660
-2.901771
-2.899354
-2.896917
-2.892061
-2.889655
-2.887232
-2.882401
-2.880000
-2.877587
-2.872772
-2.870372
-2.867965
-2.863156
-2.860753
-2.858347
-2.853538
-2.851130
-2.848723
-2.843907
-2.841492
-2.839081
-2.834254
-2.831831
-2.829413
-2.824570
-2.822134
-2.819707
-2.814844
-2.812394
-2.809955
-2.805065
-2.802903
-2.800551
-2.796036
-2.794056
-2.791890
-2.787744
-2.785945
-2.783962
-2.780179
-2.778559
-2.776757
-2.773334
-2.771890
-2.770267
-2.767199
-2.765930
-2.764484
-2.761768
-2.760673
-2.759403
-2.757037
-2.756115
-2.755018
-2.753000
-2.752251
-2.751328
-2.749656
-2.749079
-2.748329
-2.747003
-2.746599
-2.746022
-2.745042
-2.744811
-2.744407
-2.743774
-2.743717
-2.743488
-2.743202
-2.743321
-2.743266
-2.743331
-2.743628
-2.743749
-2.744168
-2.744643
-2.744943
-2.745718
-2.746376
-2.746855
-2.747992
-2.748834
-2.749496
-2.751000
-2.752030
-2.752876
-2.754754
-2.755956
-2.756985
-2.759218
-2.760606
-2.761815
-2.764414
-2.765991
-2.767386
-2.770360
-2.772132
-2.773718
-2.777078
-2.779051
-2.780833
-2.784590
-2.786771
-2.788753
-2.792919
-2.795313
-2.797504
-2.802090
-2.804704
-2.807108
-2.812128
-2.814968
-2.817592
-2.823059
-2.826133
-2.828984
-2.834912
-2.838227
-2.841312
-2.847715
-2.851279
-2.854606
-2.861499
-2.865319
-2.868896
-2.876296
-2.880381
-2.884215
-2.892137
-2.896193
-2.900191
-2.908247
-2.912383
-2.916452
-2.924661
-2.928886
-2.933036
-2.941415
-2.945738
-2.949979
-2.958546
-2.962978
-2.967318
-2.976093
-2.980643
-2.985092
-2.994094
-2.998773
-3.003340
-3.012589
-3.017406
-3.022102
-3.031618
-3.036583
-3.041417
-3.051221
-3.056345
-3.061328
-3.071439
-3.076733
-3.081875
-3.092315
-3.097487
-3.102698
-3.113083
-3.118244
-3.123433
-3.133787
-3.138947
3.139059
3.128716
3.123545
3.118366
3.108012
3.102819
3.097629
3.087242
3.082015
3.076803
3.066362
3.061091
3.055847
3.045328
3.040003
3.034714
3.024096
3.018705
3.013361
3.002623
2.997155
2.991745
2.980863
2.975307
2.969821
2.958774
2.953119
2.947544
2.936310
2.930545
2.924871
2.913429
2.907542
2.901759
2.890085
2.884066
2.878162
2.866235
2.860074
2.854037
2.841836
2.835521
2.829342
2.816844
2.810365
2.804032
2.791216
2.784862
2.778465
2.765709
2.759369
2.752997
2.740280
2.733943
2.727585
2.714886
2.708542
2.702188
2.689486
2.683124
2.676763
2.664036
2.657647
2.651269
2.638499
2.632073
2.625668
2.612833
2.606361
2.599919
2.587002
2.580773
2.574385
2.561765
2.555671
2.549427
2.537086
2.531119
2.525011
2.512932
2.507083
2.501102
2.489270
2.483532
2.477671
2.466069
2.460436
2.454688
2.443304
2.437770
2.432127
2.420948
2.415805
2.410361
2.399773
2.394918
2.389767
2.379760
2.375188
2.370326
2.360891
2.356599
2.352022
2.343152
2.339138
2.334843
2.326533
2.322796
2.318779
2.311025
2.307564
2.303825
2.296625
2.293440
2.289978
2.283332
2.280720
2.277635
2.271939
2.269804
2.267194
2.262451
2.260795
2.258663
2.254876
2.253703
2.252051
2.249227
2.248519
2.247344
2.245462
2.245230
2.244529
2.243597
2.243847
2.243623
2.243652
2.244390
2.244650
2.245650
2.246884
2.247633
2.249619
2.251357
2.252603
2.255591
2.257842
2.259594
2.263601
2.266376
2.268643
2.273688
2.276999
2.279791
2.285898
2.289757
2.293087
2.300279
2.304700
2.308579
2.316884
2.321882
2.326325
2.335771
2.341362
2.346384
2.357003
2.363204
2.368822
2.380647
2.387182
2.393314
2.405987
2.412976
2.419542
2.433103
2.440566
2.447587
2.462078
2.470038
2.477535
2.493000
2.501481
2.509477
2.525962
2.534989
2.543507
2.561061
2.570658
2.579724
2.598395
2.608589
2.618227
2.638068
2.648614
2.658760
2.679460
2.690472
2.701058
2.722662
2.734159
2.745208
2.767760
2.779762
2.791295
2.814837
2.827365
2.839403
2.863975
2.876750
2.889215
2.914462
2.927604
