0.000000
0.000000
-0.000022
-0.000029
-0.000058
-0.000094
-0.000115
-0.000173
-0.000223
-0.000259
-0.000345
-0.000409
-0.000460
-0.000574
-0.000653
-0.000718
-0.000861
-0.000955
-0.001034
-0.001206
-0.001314
-0.001408
-0.001610
-0.001734
-0.001843
-0.002075
-0.002215
-0.002339
-0.002604
-0.002761
-0.002902
-0.003200
-0.003375
-0.003534
-0.003868
-0.004064
-0.004241
-0.004614
-0.004833
-0.005030
-0.005447
-0.005691
-0.005912
-0.006377
-0.006649
-0.006896
-0.007417
-0.007723
-0.007999
-0.008583
-0.008928
-0.009240
-0.009898
-0.010290
-0.010642
-0.011389
-0.011837
-0.012239
-0.013092
-0.013611
-0.014072
-0.015057
-0.015663
-0.016199
-0.017348
-0.018067
-0.018698
-0.020057
-0.020925
-0.021679
-0.023314
-0.024383
-0.025303
-0.027312
-0.028664
-0.029812
-0.032344
-0.034110
-0.035589
-0.038887
-0.041298
-0.043284
-0.047778
-0.051259
-0.054076
-0.060568
-0.066019
-0.070356
-0.080597
-0.090267
-0.097879
-0.116490
-0.137568
-0.154456
-0.198076
-0.267430
-0.332132
-0.522497
-1.279360
-2.718524
-3.532293
-2.315623
3.038807
3.087566
3.065308
3.091104
3.103571
3.102480
3.107986
3.113577
3.113982
3.116388
3.119514
3.120008
3.121355
3.123313
3.123729
3.124579
3.125900
3.126223
3.126798
3.127724
3.127965
3.128367
3.129026
3.129199
3.129482
3.129948
3.130061
3.130258
3.130573
3.130649
3.130780
3.130991
3.131029
3.131111
3.131234
3.131237
3.131277
3.131322
3.131291
3.131294
3.131267
3.131219
3.131192
3.131116
3.131045
3.130993
3.130869
3.130774
3.130698
3.130527
3.130406
3.130306
3.130085
3.129939
3.129813
3.129540
3.129366
3.129214
3.128887
3.128702
3.128528
3.128168
3.127964
3.127773
3.127377
3.127152
3.126941
3.126505
3.126257
3.126026
3.125545
3.125272
3.125017
3.124488
3.124187
3.123906
3.123324
3.122993
3.122685
3.122045
3.121681
3.121343
3.120641
3.120269
3.119908
3.119173
3.118783
3.118405
3.117635
3.117224
3.116827
3.116017
3.115583
3.115164
3.114309
3.113848
3.113405
3.112500
3.112010
3.111540
3.110580
3.110060
3.109564
3.108548
3.108001
3.107478
3.106407
3.105832
3.105282
3.104156
3.103552
3.102974
3.101791
3.101159
3.100552
3.099312
3.098694
3.098074
3.096836
3.096220
3.095600
3.094362
3.093745
3.093124
3.091885
3.091264
3.090640
3.089395
3.088768
3.088140
3.086882
3.086240
3.085599
3.084313
3.083644
3.082986
3.081657
3.080955
3.080273
3.078887
3.078147
3.077434
3.075980
3.075199
3.074450
3.072920
3.072095
3.071308
3.069697
3.068831
3.068005
3.066313
3.065407
3.064541
3.062770
3.061825
3.060920
3.059072
3.058091
3.057148
3.055225
3.054210
3.053231
3.051237
3.050189
3.049175
3.047114
3.046034
3.044987
3.042861
3.041751
3.040673
3.038485
3.037347
3.036239
3.033993
3.032827
3.031690
3.029388
3.028196
3.027033
3.024678
3.023461
3.022272
3.019866
3.018627
3.017413
3.014960
3.013698
3.012461
3.009963
3.008681
3.007421
3.004880
3.003579
3.002299
2.999718
2.998398
2.997098
2.994480
2.993143
2.991825
2.989171
2.987886
2.986575
2.983977
2.982718
2.981430
2.978879
2.977635
2.976365
2.973849
2.972610
2.971353
2.968856
2.967616
2.966367
2.963876
2.962631
2.961383
2.958889
2.957636
2.956385
2.953881
2.952619
2.951362
2.948843
2.947570
2.946305
2.943768
2.942484
2.941211
2.938653
2.937359
2.936076
2.933498
2.932194
2.930901
2.928303
2.926990
2.925687
2.923070
2.921748
2.920436
2.917802
2.916471
2.915151
2.912500
2.911162
2.909833
2.907166
2.905822
2.904485
2.901805
2.900455
2.899112
2.896421
2.895068
2.893720
2.891021
2.889667
2.888317
2.885614
2.884261
2.882911
2.880209
2.878862
2.877513
2.874818
2.873478
2.872135
2.869453
2.868125
2.866789
2.864127
2.862813
2.861489
2.858853
2.857558
2.856249
2.853646
2.852372
2.851081
2.848518
2.847271
2.846002
2.843488
2.842270
2.841028
2.838569
2.837386
2.836174
2.833780
2.832635
2.831458
2.829137
2.828035
2.826896
2.824657
2.823602
2.822506
2.820357
2.819353
2.818305
2.816254
2.815307
2.814310
2.812366
2.811479
2.810538
2.808711
2.807889
2.807008
2.805306
2.804553
2.803737
2.802169
2.801490
2.800743
2.799318
2.798718
2.798045
2.796773
2.796256
2.795662
2.794552
2.794123
2.793613
2.792675
2.792339
2.791918
2.791162
2.790924
2.790596
2.790031
2.789895
2.789663
2.789297
2.789265
2.789134
2.788972
2.789047
2.789019
2.789067
2.789250
2.789329
2.789592
2.789887
2.790074
2.790557
2.790965
2.791263
2.791970
2.792493
2.792905
2.793841
2.794481
2.795008
2.796174
2.796930
2.797570
2.798966
2.799835
2.800589
2.802210
2.803188
2.804054
2.805896
2.806981
2.807956
2.810014
2.811202
2.812283
2.814551
2.815840
2.817024
2.819497
2.820883
2.822168
2.824837
2.826313
2.827692
2.830544
2.832102
2.833569
2.836590
2.838221
2.839767
2.842942
2.844638
2.846258
2.849571
2.851325
2.853011
2.856448
2.858254
2.859998
2.863546
2.865398
2.867195
2.870842
2.872734
2.874577
2.878308
2.880231
2.882110
2.885909
2.887851
2.889759
2.893607
2.895559
2.897488
2.901366
2.903189
2.905081
2.908800
2.910535
2.912356
2.915916
2.917583
2.919333
2.922754
2.924368
2.926055
2.929360
2.930935
2.932569
2.935781
2.937326
2.938919
2.942059
2.943584
2.945145
2.948234
2.949747
2.951286
2.954341
2.955849
2.957375
2.960411
2.961924
2.963444
2.966479
2.968003
2.969527
2.972577
2.974121
2.975656
2.978739
2.980312
2.981867
2.985000
2.986612
2.988197
2.991398
2.993060
2.994685
2.997976
2.999698
3.001374
3.004777
3.006573
3.008311
3.011850
3.013730
3.015541
3.019237
3.021211
3.023106
3.026979
3.029056
3.031045
3.035113
3.037300
3.039390
3.043670
3.045973
3.048171
3.052675
3.055181
3.057522
3.062363
3.065028
3.067528
3.072687
3.075490
3.078139
3.083585
3.086505
3.089288
3.094986
3.098004
3.100904
3.106816
3.109912
3.112909
3.118995
3.122147
